86
318
82
327
74
348
81
340
93
335
97
335
97
335
97
335
319
129
319
129
319
129
319
129
319
129
319
129
319
129
319
129
569
295
564
299
554
313
551
320
551
320
462
115
460
101
468
111
480
134
480
134
504
202
510
221
510
221
544
311
562
308
575
313
581
318
519
263
587
306
580
300
571
299
565
305
377
208
377
208
350
127
350
127
350
127
350
127
350
127
350
127
162
275
162
275
84
292
78
298
88
309
93
315
93
315
93
315
205
91
200
99
193
119
190
127
190
127
173
207
173
207
161
272
161
272
161
272
161
272
183
127
186
102
177
113
162
136
151
159
133
203
126
221
110
282
107
279
104
280
102
287
102
287
269
120
269
120
269
120
269
120
406
106
419
116
419
116
534
218
545
257
545
257
545
257
545
257
545
257
442
334
423
343
317
206
321
214
325
226
326
230
325
230
325
230
325
230
325
230
325
230
325
230
325
230
325
230
314
183
314
183
239
214
239
214
239
214
309
114
329
115
344
119
360
126
360
126
360
126
443
206
456
221
443
115
454
118
465
133
465
133
492
180
492
180
492
180
548
270
552
272
558
283
561
297
563
306
524
193
493
142
477
120
469
117
471
131
471
131
471
131
471
131
471
131
471
131
471
131
497
223
497
223
497
223
497
223
497
223
497
223
497
223
484
172
491
178
496
186
496
186
496
186
496
186
496
186
490
167
490
167
470
122
468
119
470
122
470
122
470
122
470
122
470
122
470
122
470
122
470
122
470
122
470
122
289
235
288
234
58
113
58
113
58
114
58
114
58
114
58
114
58
114
58
114
58
114
135
220
289
235
289
234
211
234
58
113
211
233
211
233
211
233
196
268
267
185
205
268
209
280
213
281
218
289
222
293
227
299
231
303
211
234
40
351
206
208
202
206
199
206
199
207
198
214
289
234
289
234
605
328
40
351
40
351
221
190
391
40
442
317
445
315
445
315
445
315
513
119
525
133
553
203
549
219
539
257
539
257
211
234
211
234
479
337
470
323
457
309
453
306
435
311
427
320
341
219
335
219
334
113
325
100
312
111
303
124
293
138
293
138
262
208
262
208
225
176
225
176
225
176
225
176
225
176
169
191
153
191
144
196
144
205
143
215
143
215
95
221
235
61
249
35
249
35
249
35
295
207
295
207
295
207
295
207
295
207
295
207
295
207
468
19
504
72
529
117
568
196
568
196
577
331
577
331
577
331
577
331
577
331
516
351
516
351
516
351
516
351
464
96
471
47
486
43
500
45
500
51
498
68
497
84
495
120
495
134
493
167
493
167
432
80
433
76
446
100
453
119
457
131
457
131
457
131
457
131
509
313
518
312
532
319
537
325
536
311
536
311
522
293
516
295
510
300
510
300
417
217
452
122
462
137
462
137
462
137
462
137
462
137
462
137
523
289
523
289
549
316
400
214
402
211
405
213
406
218
402
218
402
218
402
218
472
114
480
124
489
136
503
167
519
209
525
226
525
226
558
295
573
296
582
302
591
314
603
343
434
317
594
351
579
351
579
351
579
351
365
102
345
112
330
123
322
131
322
131
262
203
262
203
262
203
262
203
262
203
262
203
102
319
103
304
105
292
106
290
109
295
110
300
110
300
297
122
316
128
316
128
316
128
401
185
401
185
401
185
401
185
401
185
565
310
561
312
553
318
533
348
533
348
533
348
533
348
533
348
533
348
433
126
433
126
433
126
433
126
433
126
433
126
464
213
539
284
539
284
539
284
539
284
539
284
539
284
539
284
539
284
160
109
142
121
93
182
109
215
109
215
109
215
109
215
109
215
230
338
245
322
259
311
259
311
259
311
259
311
256
116
256
116
216
87
200
97
172
118
152
138
117
181
93
217
99
267
100
286
100
286
120
350
132
343
137
342
58
112
58
112
192
326
205
331
58
112
58
112
58
112
219
119
58
112
58
112
177
160
154
196
58
112
58
112
58
112
58
112
58
112
45
334
53
309
59
299
69
294
76
296
87
308
58
112
211
320
318
123
329
126
329
126
329
126
329
126
329
126
543
282
443
211
320
215
324
211
331
215
348
114
329
113
301
134
301
134
301
134
232
207
175
281
167
277
167
277
167
277
79
295
56
313
53
331
57
347
78
348
95
348
123
350
123
350
123
350
246
242
217
120
212
131
212
131
212
131
193
207
193
207
193
207
193
207
158
312
154
316
154
316
154
316
154
316
154
316
154
316
154
316
154
316
200
116
190
125
190
125
156
179
143
208
143
208
143
208
89
304
77
307
59
321
46
338
41
342
49
331
62
326
70
327
74
329
115
183
147
96
162
55
176
23
176
23
176
23
176
23
153
41
150
48
140
91
136
122
128
180
128
180
189
121
182
136
170
175
164
192
155
215
142
212
130
218
122
228
110
253
102
276
98
288
98
288
98
288
98
288
98
288
415
98
431
105
489
134
557
195
538
225
538
225
538
225
538
225
280
217
285
209
287
211
296
214
299
215
299
215
299
215
299
215
299
215
377
188
386
214
386
214
401
254
401
254
414
275
414
275
414
275
414
275
414
275
438
196
443
211
461
253
58
112
58
112
58
112
58
112
58
112
453
92
462
99
477
117
487
132
504
168
517
198
539
258
58
112
570
312
577
312
586
320
58
112
58
112
58
112
573
342
58
112
58
112
58
112
458
112
464
119
474
135
58
112
58
112
58
112
58
112
521
292
58
112
541
297
553
314
558
324
58
112
564
350
555
348
549
350
58
112
58
112
460
113
461
106
470
120
58
113
489
164
58
113
58
113
58
113
529
283
535
284
546
292
553
305
553
305
488
108
58
113
58
113
493
88
498
102
505
131
58
113
518
211
58
113
535
316
541
305
552
297
558
297
569
307
576
321
575
321
391
215
563
317
558
323
58
113
513
174
493
97
481
61
480
40
487
42
58
113
58
113
511
86
517
108
525
150
528
168
535
207
535
207
559
300
566
291
576
284
583
285
594
299
601
314
598
315
587
312
577
320
570
330
566
336
566
336
566
336
566
336
566
336
566
336
566
336
566
336
566
336
566
336
566
336
566
336
295
103
308
114
321
129
321
129
362
192
362
192
362
192
362
192
428
125
428
125
428
125
428
125
428
125
428
125
529
248
529
255
529
255
529
255
529
255
529
255
529
255
529
255
529
255
529
255
529
255
529
255
529
255
529
255
529
255
163
197
139
216
143
219
143
219
291
112
332
116
332
116
332
116
332
116
546
218
546
218
546
218
546
218
500
309
500
309
500
309
500
309
326
326
308
320
308
320
308
320
308
320
308
320
308
320
208
310
193
307
183
311
170
324
160
315
155
310
155
310
123
310
119
312
102
300
96
300
108
303
111
303
121
300
124
301
128
298
128
298
128
298
128
298
128
298
128
298
128
298
118
249
116
227
124
223
124
223
124
223
124
223
124
223
124
223
124
223
124
223
124
223
124
223
234
199
234
199
227
193
228
200
228
200
232
230
233
221
233
221
235
228
235
228
232
282
238
220
238
220
238
220
412
186
412
186
412
186
412
186
412
186
412
186
412
186
412
186
412
186
412
186
412
186
412
186
412
186
412
186
277
129
271
129
271
129
271
129
320
104
320
104
320
104
320
104
320
104
320
104
320
104
320
104
320
104
320
104
108
38
125
49
274
176
275
176
609
331
609
331
609
331
211
235
211
235
222
119
222
119
148
198
58
113
58
113
58
113
58
113
58
113
58
113
58
113
58
113
58
113
58
113
58
113
58
113
58
113
58
113
58
113
58
113
58
113
543
267
335
207
345
206
349
208
58
113
58
113
58
113
58
113
256
113
231
128
58
113
58
113
108
249
58
113
131
321
58
113
167
314
58
113
58
113
216
97
208
85
199
92
181
111
169
129
149
168
133
203
109
269
58
113
58
113
58
113
38
338
44
315
54
294
61
286
