0.0
0.0
0.0
0.0
0.0
0.0
0.0
0.0
0.6447916666666667
0.5138888888888888
0.615625
0.5064814814814815
0.5875
0.5175925925925926
0.5588541666666667
0.5462962962962963
0.5505208333333333
0.5601851851851852
0.48854166666666665
0.22592592592592592
0.45677083333333335
0.06759259259259259
0.4328125
0.053703703703703705
0.40520833333333334
0.05277777777777778
0.37395833333333334
0.06388888888888888
0.3380208333333333
0.09166666666666666
0.2942708333333333
0.14166666666666666
0.24635416666666668
0.21851851851851853
0.19010416666666666
0.33055555555555555
0.16770833333333332
0.45185185185185184
0.17239583333333333
0.5851851851851851
0.26666666666666666
0.36574074074074076
0.29739583333333336
0.2898148148148148
0.35989583333333336
0.14351851851851852
0.3541666666666667
0.15
0.3260416666666667
0.2064814814814815
0.30625
0.2675925925925926
0.284375
0.35462962962962963
0.2598958333333333
0.475
0.24270833333333333
0.5768518518518518
0.24270833333333333
0.5768518518518518
0.24270833333333333
0.5768518518518518
0.14947916666666666
0.812962962962963
0.12760416666666666
0.8416666666666667
0.09479166666666666
0.9092592592592592
0.09479166666666666
0.9092592592592592
0.09479166666666666
0.9092592592592592
0.103125
0.95
0.12083333333333333
0.9388888888888889
0.15729166666666666
0.9462962962962963
0.15729166666666666
0.9462962962962963
0.15729166666666666
0.9462962962962963
0.33958333333333335
0.24722222222222223
0.3546875
0.18981481481481483
0.340625
0.21481481481481482
0.3265625
0.2518518518518518
0.3109375
0.3111111111111111
0.2942708333333333
0.39351851851851855
0.2765625
0.5037037037037037
0.25885416666666666
0.6435185185185185
0.2390625
0.6916666666666667
0.21875
0.6953703703703704
0.21145833333333333
0.6990740740740741
0.30052083333333335
0.2740740740740741
0.315625
0.2175925925925926
0.3489583333333333
0.10462962962962963
0.353125
0.10833333333333334
0.3578125
0.125
0.3625
0.14537037037037037
0.3734375
0.2111111111111111
0.38385416666666666
0.2851851851851852
0.396875
0.38796296296296295
0.40208333333333335
0.43148148148148147
0.40208333333333335
0.43148148148148147
0.2109375
0.55
0.2765625
0.5472222222222223
0.34739583333333335
0.5611111111111111
0.34739583333333335
0.5611111111111111
0.4484375
0.6064814814814815
0.5744791666666667
0.7064814814814815
0.621875
0.7611111111111111
0.6791666666666667
0.7138888888888889
0.6541666666666667
0.7592592592592593
0.6348958333333333
0.7046296296296296
0.6348958333333333
0.7046296296296296
0.6348958333333333
0.7046296296296296
0.6348958333333333
0.7046296296296296
0.5192708333333333
0.7055555555555556
0.5015625
0.6546296296296297
0.4666666666666667
0.5675925925925925
0.4395833333333333
0.525
0.4125
0.5027777777777778
0.3875
0.49722222222222223
0.37916666666666665
0.5009259259259259
0.37916666666666665
0.5009259259259259
0.37916666666666665
0.5009259259259259
0.375
0.6777777777777778
0.37135416666666665
0.6435185185185185
0.3703125
0.6175925925925926
0.3703125
0.6175925925925926
0.3703125
0.6175925925925926
0.3703125
0.6175925925925926
0.3703125
0.6175925925925926
0.3703125
0.6175925925925926
0.38697916666666665
0.5814814814814815
0.38697916666666665
0.5370370370370371
0.38697916666666665
0.5370370370370371
0.38697916666666665
0.5370370370370371
0.38697916666666665
0.5370370370370371
0.38697916666666665
0.5370370370370371
0.38697916666666665
0.5370370370370371
0.38697916666666665
0.5370370370370371
0.38697916666666665
0.5370370370370371
0.38697916666666665
0.5370370370370371
0.38333333333333336
0.5861111111111111
0.38333333333333336
0.5861111111111111
0.38333333333333336
0.5861111111111111
0.38333333333333336
0.5861111111111111
0.38333333333333336
0.5861111111111111
0.38333333333333336
0.5861111111111111
0.38333333333333336
0.5861111111111111
0.38333333333333336
0.5861111111111111
0.48854166666666665
0.525
0.5125
0.5398148148148149
0.5354166666666667
0.5768518518518518
0.5354166666666667
0.5768518518518518
0.6161458333333333
0.10740740740740741
0.6401041666666667
0.062037037037037036
0.6682291666666667
0.053703703703703705
0.7010416666666667
0.06018518518518518
0.7395833333333334
0.07962962962962963
0.7848958333333333
0.12129629629629629
0.8364583333333333
0.18888888888888888
0.8947916666666667
0.287962962962963
0.9302083333333333
0.4064814814814815
0.928125
0.5333333333333333
0.9265625
0.5842592592592593
0.9265625
0.5842592592592593
0.5463541666666667
0.19814814814814816
0.5177083333333333
0.23333333333333334
0.4953125
0.26944444444444443
0.4953125
0.26944444444444443
0.4953125
0.26944444444444443
0.3463541666666667
0.6092592592592593
0.309375
0.6018518518518519
0.26979166666666665
0.6083333333333333
0.22708333333333333
0.6361111111111111
0.18020833333333333
0.687037037037037
0.16458333333333333
0.7092592592592593
0.14010416666666667
0.8046296296296296
0.1453125
0.8787037037037037
0.15104166666666666
0.9407407407407408
0.15104166666666666
0.9407407407407408
0.15104166666666666
0.9407407407407408
0.15104166666666666
0.9407407407407408
0.34739583333333335
0.18518518518518517
0.3223958333333333
0.23425925925925925
0.2994791666666667
0.2972222222222222
0.27395833333333336
0.3851851851851852
0.24583333333333332
0.5092592592592593
0.21510416666666668
0.6722222222222223
0.21510416666666668
0.6722222222222223
0.15208333333333332
0.8231481481481482
0.11614583333333334
0.8518518518518519
0.0796875
0.9074074074074074
0.0546875
0.9629629629629629
0.0546875
0.9629629629629629
0.0515625
0.9777777777777777
0.0515625
0.9777777777777777
0.11510416666666666
0.9296296296296296
0.125
0.9333333333333333
0.125
0.9333333333333333
0.125
0.9333333333333333
0.34739583333333335
0.20555555555555555
0.33229166666666665
0.23425925925925925
0.315625
0.28425925925925927
0.29583333333333334
0.35555555555555557
0.2755208333333333
0.45740740740740743
0.2604166666666667
0.5472222222222223
0.2604166666666667
0.5472222222222223
0.2604166666666667
0.5472222222222223
0.5432291666666667
0.17222222222222222
0.58125
0.18611111111111112
0.625
0.21481481481481482
0.6770833333333334
0.26666666666666666
0.6770833333333334
0.26666666666666666
0.8104166666666667
0.4527777777777778
0.8625
0.5481481481481482
0.91875
0.7046296296296296
0.8880208333333334
0.9111111111111111
0.8713541666666667
0.9537037037037037
0.8515625
0.9740740740740741
0.84375
0.9842592592592593
0.84375
0.9842592592592593
0.6911458333333333
0.275
0.6911458333333333
0.275
0.6911458333333333
0.275
0.7583333333333333
0.5185185185185185
0.7765625
0.5259259259259259
0.7958333333333333
0.5481481481481482
0.8161458333333333
0.5888888888888889
0.8380208333333333
0.6472222222222223
0.8380208333333333
0.6472222222222223
0.7026041666666667
0.22777777777777777
0.7135416666666666
0.24351851851851852
0.7255208333333333
0.2740740740740741
0.7302083333333333
0.287962962962963
0.7302083333333333
0.287962962962963
0.7697916666666667
0.5064814814814815
0.7859375
0.649074074074074
0.8026041666666667
0.787962962962963
0.8239583333333333
0.8055555555555556
0.8473958333333333
0.8444444444444444
0.8619791666666666
0.8861111111111111
0.8619791666666666
0.8861111111111111
0.540625
0.2712962962962963
0.5140625
0.3138888888888889
0.4942708333333333
0.3527777777777778
0.4479166666666667
0.4638888888888889
0.4083333333333333
0.562037037037037
0.38125
0.5675925925925925
0.35
0.5916666666666667
0.3171875
0.6370370370370371
0.29375
0.6787037037037037
0.29375
0.6787037037037037
0.29375
0.6787037037037037
0.29375
0.6787037037037037
0.365625
0.2564814814814815
0.35625
0.275
0.33645833333333336
0.3351851851851852
0.3203125
0.3990740740740741
0.3151041666666667
0.42314814814814816
0.3151041666666667
0.42314814814814816
0.3151041666666667
0.42314814814814816
0.3140625
0.47685185185185186
0.31614583333333335
0.5083333333333333
0.31614583333333335
0.5083333333333333
0.4791666666666667
0.24814814814814815
0.5140625
0.262037037037037
0.5421875
0.2814814814814815
0.5421875
0.2814814814814815
0.5421875
0.2814814814814815
0.5421875
0.2814814814814815
0.5421875
0.2814814814814815
0.5421875
0.2814814814814815
0.9213541666666667
0.912962962962963
0.8979166666666667
0.9481481481481482
0.8791666666666667
0.9824074074074074
0.8791666666666667
0.9824074074074074
0.8791666666666667
0.9824074074074074
0.8791666666666667
0.9824074074074074
0.8791666666666667
0.9824074074074074
0.5661458333333333
0.26944444444444443
0.5109375
0.23981481481481481
0.4666666666666667
0.225
0.428125
0.2611111111111111
0.428125
0.2611111111111111
0.428125
0.2611111111111111
0.33541666666666664
0.42407407407407405
0.3536458333333333
0.4148148148148148
0.37083333333333335
0.4185185185185185
0.39114583333333336
0.4361111111111111
0.4119791666666667
0.4648148148148148
0.503125
0.2740740740740741
0.5291666666666667
0.27685185185185185
0.55
0.2861111111111111
0.5979166666666667
0.32407407407407407
0.6130208333333333
0.3388888888888889
0.6963541666666667
0.4537037037037037
0.75625
0.5611111111111111
0.75625
0.5611111111111111
0.6614583333333334
0.26944444444444443
0.6661458333333333
0.2916666666666667
0.6661458333333333
0.2916666666666667
0.6786458333333333
0.44907407407407407
0.684375
0.5657407407407408
0.684375
0.5657407407407408
0.684375
0.5657407407407408
0.684375
0.5657407407407408
0.6963541666666667
0.6962962962962963
0.6989583333333333
0.5398148148148149
0.6989583333333333
0.4425925925925926
0.696875
0.3675925925925926
0.696875
0.3675925925925926
0.6911458333333333
0.2722222222222222
0.6864583333333333
0.25462962962962965
0.6822916666666666
0.25555555555555554
0.6791666666666667
0.2638888888888889
0.7307291666666667
0.262037037037037
0.7895833333333333
0.27037037037037037
0.8463541666666666
0.2953703703703704
0.8614583333333333
0.32685185185185184
0.8291666666666667
0.36203703703703705
0.7942708333333334
0.41759259259259257
0.7833333333333333
0.4398148148148148
0.7505208333333333
0.5898148148148148
0.7463541666666667
0.649074074074074
0.7588541666666667
0.5694444444444444
0.7609375
0.5851851851851851
0.7578125
0.6907407407407408
0.7640625
0.6472222222222223
0.7776041666666667
0.5814814814814815
0.7796875
0.5694444444444444
0.7869791666666667
0.6601851851851852
0.79375
0.6916666666666667
0.8052083333333333
0.6435185185185185
0.8161458333333333
0.6092592592592593
0.8192708333333333
0.6027777777777777
0.8166666666666667
0.7166666666666667
0.8255208333333334
0.687962962962963
0.8369791666666667
0.6444444444444445
0.8401041666666667
0.6333333333333333
0.8260416666666667
0.7129629629629629
0.8244791666666667
0.7157407407407408
0.8307291666666666
0.6092592592592593
0.8317708333333333
0.5666666666666667
0.83125
0.5481481481481482
0.83125
0.5481481481481482
0.83125
0.5481481481481482
0.83125
0.5481481481481482
0.83125
0.5481481481481482
0.83125
0.5481481481481482
0.83125
0.5481481481481482
0.83125
0.5481481481481482
0.83125
0.5481481481481482
0.83125
0.5481481481481482
0.83125
0.5481481481481482
0.83125
0.5481481481481482
0.83125
0.5481481481481482
0.83125
0.5481481481481482
0.83125
0.5481481481481482
0.83125
0.5481481481481482
0.83125
0.5481481481481482
0.83125
0.5481481481481482
0.83125
0.5481481481481482
0.83125
0.5481481481481482
0.8135416666666667
0.7129629629629629
0.8135416666666667
0.7129629629629629
0.8135416666666667
0.7129629629629629
0.8135416666666667
0.7129629629629629
0.8135416666666667
0.7129629629629629
0.8135416666666667
0.7129629629629629
0.8135416666666667
0.7129629629629629
0.8135416666666667
0.7129629629629629
0.8135416666666667
0.7129629629629629
0.8135416666666667
0.7129629629629629
0.8151041666666666
0.712037037037037
0.821875
0.6055555555555555
0.8229166666666666
0.5435185185185185
0.8229166666666666
0.5435185185185185
0.8229166666666666
0.5435185185185185
0.8229166666666666
0.5435185185185185
0.8229166666666666
0.5435185185185185
0.840625
0.39814814814814814
0.8401041666666667
0.36944444444444446
0.8385416666666666
0.35648148148148145
0.8333333333333334
0.36574074074074076
0.8333333333333334
0.36574074074074076
0.8333333333333334
0.36574074074074076
0.5598958333333334
0.08888888888888889
0.5291666666666667
0.10925925925925926
0.49114583333333334
0.15092592592592594
0.44635416666666666
0.21388888888888888
0.4109375
0.2722222222222222
0.35208333333333336
0.38981481481481484
0.35208333333333336
0.38981481481481484
0.35208333333333336
0.38981481481481484
0.13645833333333332
0.8722222222222222
0.13489583333333333
0.8601851851851852
0.13697916666666668
0.8666666666666667
0.14375
0.8944444444444445
0.240625
0.48148148148148145
0.240625
0.48148148148148145
0.240625
0.48148148148148145
0.33958333333333335
0.10555555555555556
0.32083333333333336
0.12314814814814815
0.30104166666666665
0.15555555555555556
0.28489583333333335
0.20277777777777778
0.2671875
0.2740740740740741
0.246875
0.3712962962962963
0.22604166666666667
0.5046296296296297
0.20572916666666666
0.6712962962962963
0.184375
0.7935185185185185
0.1578125
0.7842592592592592
0.12916666666666668
0.7944444444444444
0.10104166666666667
0.8268518518518518
0.07291666666666667
0.8870370370370371
0.046875
0.9787037037037037
0.046875
0.9787037037037037
0.046875
0.9787037037037037
0.096875
0.9787037037037037
0.10572916666666667
0.9796296296296296
0.10572916666666667
0.9796296296296296
0.30833333333333335
0.39444444444444443
0.3260416666666667
0.35
0.3640625
0.2564814814814815
0.35625
0.2759259259259259
0.34010416666666665
0.3416666666666667
0.33229166666666665
0.3851851851851852
0.3151041666666667
0.5064814814814815
0.3026041666666667
0.5222222222222223
0.2916666666666667
0.525
0.2864583333333333
0.525
0.2864583333333333
0.525
0.2864583333333333
0.525
0.2864583333333333
0.525
0.2984375
0.43796296296296294
0.3260416666666667
0.32222222222222224
0.3390625
0.27037037037037037
0.35104166666666664
0.24444444444444444
0.35104166666666664
0.25277777777777777
0.35104166666666664
0.25277777777777777
0.35625
0.38796296296296295
0.35989583333333336
0.4703703703703704
0.3578125
0.45925925925925926
0.35625
0.4546296296296296
0.3546875
0.4648148148148148
0.3546875
0.4648148148148148
0.3546875
0.4648148148148148
0.3546875
0.4648148148148148
0.3619791666666667
0.4083333333333333
0.36302083333333335
0.3814814814814815
0.36302083333333335
0.3814814814814815
0.36302083333333335
0.3814814814814815
0.36302083333333335
0.3814814814814815
0.33177083333333335
0.4101851851851852
0.33177083333333335
0.4101851851851852
0.33177083333333335
0.4101851851851852
0.33177083333333335
0.4101851851851852
0.33177083333333335
0.4101851851851852
0.33177083333333335
0.4101851851851852
0.33177083333333335
0.4101851851851852
0.43385416666666665
0.24537037037037038
0.4625
0.18981481481481483
0.4625
0.18981481481481483
0.5130208333333334
0.125
0.5276041666666667
0.13703703703703704
0.540625
0.16944444444444445
0.5552083333333333
0.21574074074074073
0.5598958333333334
0.23333333333333334
0.5598958333333334
0.23333333333333334
0.5598958333333334
0.23333333333333334
0.5598958333333334
0.23333333333333334
0.5598958333333334
0.23333333333333334
0.5598958333333334
0.23333333333333334
0.5598958333333334
0.23333333333333334
0.5598958333333334
0.23333333333333334
0.5598958333333334
0.23333333333333334
0.5598958333333334
0.23333333333333334
0.3416666666666667
0.287962962962963
0.35833333333333334
0.28703703703703703
0.35833333333333334
0.28703703703703703
0.35833333333333334
0.28703703703703703
0.35833333333333334
0.28703703703703703
0.4484375
0.40925925925925927
0.465625
0.45092592592592595
0.465625
0.45092592592592595
0.465625
0.45092592592592595
0.465625
0.45092592592592595
0.28489583333333335
0.32592592592592595
0.32395833333333335
0.3175925925925926
0.3385416666666667
0.3194444444444444
0.37864583333333335
0.4
0.3807291666666667
0.5111111111111111
0.3802083333333333
0.5537037037037037
0.3692708333333333
0.49907407407407406
0.35989583333333336
0.47314814814814815
0.3578125
0.5092592592592593
0.36354166666666665
0.6194444444444445
