You are analyzing video: uploads\1.5sec.mp4.
Player keypoints will be structured as such: 0: Nose 1: Left Eye 2: Right Eye 3: Left Ear 4: Right Ear 5: Left Shoulder 6: Right Shoulder 7: Left Elbow 8: Right Elbow 9: Left Wrist 10: Right Wrist 11: Left Hip 12: Right Hip 13: Left Knee 14: Right Knee 15: Left Ankle 16: Right Ankle.
If a keypoint is (0,0), then it has not beeen detected and should be deemed irrelevant. Here is how the output will be structured: 
Frame count
Player 1 Keypoints
Player 2 Keypoints
 Ball Position.

Frame: 3{
Player 1: [[    0.41595     0.58379]
 [    0.41951     0.57614]
 [          0           0]
 [    0.43005     0.57762]
 [          0           0]
 [    0.42736     0.62341]
 [    0.46063     0.61143]
 [    0.42298     0.69018]
 [    0.47814     0.66537]
 [    0.41515     0.73193]
 [          0           0]
 [    0.44469     0.72411]
 [    0.46693     0.71727]
 [     0.4501     0.80216]
 [    0.47582     0.78945]
 [    0.47136     0.87876]
 [    0.48701     0.85954]]

Player 2: [[    0.29391     0.65796]
 [    0.29599     0.65115]
 [          0           0]
 [    0.30376     0.65344]
 [          0           0]
 [     0.3257     0.68253]
 [    0.31726     0.68359]
 [    0.35492     0.71873]
 [          0           0]
 [    0.33369     0.75972]
 [          0           0]
 [    0.34573     0.77872]
 [    0.34084     0.77409]
 [    0.32196     0.85942]
 [    0.32049     0.84419]
 [    0.33665     0.92724]
 [    0.34958     0.89711]]

Ball: [259, 956]}


Frame: 6{
Player 1: [[    0.42157     0.57656]
 [    0.42507      0.5689]
 [          0           0]
 [    0.43478      0.5701]
 [          0           0]
 [    0.43134     0.61788]
 [    0.46678     0.60444]
 [    0.42566     0.68529]
 [    0.47908     0.65865]
 [    0.41935     0.72845]
 [          0           0]
 [    0.44567      0.7238]
 [    0.47059     0.71503]
 [    0.45084     0.79717]
 [    0.48013     0.77843]
 [    0.46778     0.87574]
 [     0.4953     0.84686]]

Player 2: [[    0.28122     0.67007]
 [    0.28396     0.66175]
 [          0           0]
 [    0.29457     0.65906]
 [          0           0]
 [     0.3155      0.6864]
 [    0.30199     0.69289]
 [    0.34201      0.7232]
 [          0           0]
 [    0.32371     0.76337]
 [          0           0]
 [    0.33675     0.77767]
 [    0.32698     0.77616]
 [    0.31483     0.85579]
 [    0.30151     0.84758]
 [    0.32983     0.93713]
 [    0.32783      0.9172]]

Ball: [245, 981]}


Frame: 9{
Player 1: [[     0.4294     0.56328]
 [    0.43218     0.55572]
 [          0           0]
 [    0.44117     0.55514]
 [          0           0]
 [    0.43921     0.60303]
 [    0.47512     0.58579]
 [    0.42844     0.66243]
 [          0           0]
 [    0.41987     0.67448]
 [          0           0]
 [    0.45399     0.71134]
 [    0.47876     0.70023]
 [    0.45734     0.78772]
 [    0.48355      0.7635]
 [    0.46584     0.86571]
 [    0.49229     0.83131]]

Player 2: [[    0.26095     0.68838]
 [    0.26265     0.68075]
 [          0           0]
 [    0.27309     0.67721]
 [          0           0]
 [    0.29235     0.69969]
 [    0.28405      0.7021]
 [    0.32202     0.74057]
 [          0           0]
 [    0.29872     0.77233]
 [          0           0]
 [    0.32114     0.78352]
 [    0.31311     0.78208]
 [    0.30186     0.85906]
 [    0.28334     0.85793]
 [    0.32022     0.94197]
 [    0.27207     0.93781]]

Ball: [222, 1044]}


Frame: 12{
Player 1: [[    0.43409     0.56139]
 [    0.43755      0.5546]
 [          0           0]
 [     0.4464     0.55499]
 [          0           0]
 [    0.44523     0.59757]
 [     0.4785     0.58156]
 [    0.43971     0.65196]
 [          0           0]
 [    0.43194     0.66042]
 [          0           0]
 [    0.45833      0.7031]
 [    0.48152     0.69157]
 [    0.46042     0.78269]
 [    0.48395     0.75509]
 [    0.46753     0.86305]
 [     0.4871     0.81991]]

Player 2: [[          0           0]
 [    0.24823      0.6991]
 [          0           0]
 [    0.25609       0.698]
 [          0           0]
 [    0.27605     0.71743]
 [    0.27506     0.70817]
 [    0.30951     0.76317]
 [          0           0]
 [    0.28422     0.79167]
 [          0           0]
 [    0.31134     0.79318]
 [    0.30866     0.78779]
 [    0.28987     0.87812]
 [    0.27462     0.87299]
 [     0.2994     0.94699]
 [    0.26927     0.94356]]

Ball: [244, 1022]}


Frame: 15{
Player 1: [[     0.4417     0.55846]
 [    0.44606     0.55067]
 [          0           0]
 [    0.45761     0.55375]
 [          0           0]
 [    0.45736     0.59462]
 [    0.47961      0.5876]
 [    0.46175     0.65191]
 [          0           0]
 [    0.45059     0.65441]
 [          0           0]
 [    0.46929      0.6864]
 [     0.4859     0.68097]
 [     0.4504     0.75839]
 [    0.48248     0.75327]
 [    0.46631     0.83444]
 [    0.48493     0.83078]]

Player 2: [[          0           0]
 [          0           0]
 [          0           0]
 [    0.24348     0.73822]
 [          0           0]
 [     0.2587     0.76213]
 [    0.25754     0.72986]
 [    0.28461     0.80816]
 [     0.2695     0.70197]
 [     0.2584     0.82291]
 [    0.27397     0.69944]
 [    0.29463     0.83727]
 [    0.28959     0.82685]
 [    0.27041     0.89537]
 [     0.2463      0.8999]
 [    0.31217     0.94181]
 [    0.24368     0.96839]]

Ball: [280, 1006]}


Frame: 18{
Player 1: [[    0.44349     0.54811]
 [    0.44715     0.53986]
 [          0           0]
 [    0.45796     0.54033]
 [          0           0]
 [    0.45519     0.58362]
 [    0.48349     0.57249]
 [    0.45918     0.64193]
 [    0.50227     0.61687]
 [    0.45319     0.64417]
 [    0.49587     0.65123]
 [    0.46746     0.67909]
 [    0.48773     0.67313]
 [     0.4458     0.74825]
 [    0.48277     0.74548]
 [    0.46519     0.81962]
 [    0.48752     0.82656]]

Player 2: [[    0.22842     0.77874]
 [    0.22839     0.77231]
 [          0           0]
 [    0.23275     0.76183]
 [          0           0]
 [    0.25096     0.78878]
 [    0.25496     0.75045]
 [    0.26047     0.85391]
 [    0.27456     0.73564]
 [    0.24604     0.87712]
 [    0.28444     0.74212]
 [    0.28792     0.85358]
 [    0.29011     0.83656]
 [    0.24414      0.9221]
 [    0.25235     0.90133]
 [    0.26277     0.96495]
 [    0.28693     0.94676]]

Ball: [292, 1005]}


Frame: 21{
Player 1: [[    0.44244     0.52923]
 [    0.44609     0.52304]
 [          0           0]
 [    0.45754     0.52552]
 [          0           0]
 [    0.45454     0.56842]
 [    0.48417     0.55256]
 [    0.45223     0.61842]
 [    0.50548     0.59357]
 [    0.45273     0.62438]
 [    0.50636     0.63766]
 [    0.46666     0.66516]
 [    0.48846     0.65606]
 [     0.4455     0.73206]
 [    0.48861     0.72021]
 [    0.44598     0.80455]
 [    0.49281     0.79701]]

Player 2: [[          0           0]
 [          0           0]
 [          0           0]
 [    0.22861     0.76062]
 [          0           0]
 [    0.23975     0.78732]
 [    0.25901     0.75723]
 [    0.24054      0.8477]
 [          0           0]
 [    0.22513     0.89604]
 [          0           0]
 [    0.28493     0.84433]
 [    0.29439     0.83209]
 [    0.24733     0.90691]
 [    0.24421     0.90324]
 [    0.29504     0.95372]
 [    0.24105     0.96335]]

Ball: [292, 1005]}


Frame: 24{
Player 1: [[          0           0]
 [          0           0]
 [          0           0]
 [    0.45032     0.52773]
 [          0           0]
 [    0.44991     0.57121]
 [    0.48445     0.55547]
 [      0.449     0.62608]
 [    0.50495      0.5982]
 [    0.45413     0.63247]
 [    0.50944      0.6434]
 [    0.46274     0.66478]
 [    0.48993     0.65701]
 [    0.44327      0.7286]
 [    0.49493     0.72053]
 [    0.42821     0.80365]
 [    0.50469     0.80195]]

Player 2: [[          0           0]
 [    0.22805      0.7402]
 [          0           0]
 [    0.23653     0.73752]
 [          0           0]
 [    0.24499     0.77294]
 [    0.26724     0.73748]
 [    0.23754     0.82543]
 [    0.29756     0.73699]
 [    0.23043     0.81032]
 [     0.3035     0.74646]
 [    0.28744     0.84863]
 [    0.29609     0.83291]
 [    0.25321     0.90005]
 [    0.24218     0.88614]
 [    0.28796     0.95766]
 [    0.24657     0.95583]]

Ball: [292, 1005]}


Frame: 27{
Player 1: [[          0           0]
 [          0           0]
 [          0           0]
 [    0.45493     0.55367]
 [    0.47244     0.54984]
 [    0.44961     0.59521]
 [    0.48508     0.58626]
 [    0.44394     0.64876]
 [      0.501     0.63535]
 [    0.45704     0.66263]
 [    0.51043     0.66748]
 [    0.45768     0.68844]
 [    0.48802     0.68358]
 [     0.4359      0.7468]
 [    0.50663     0.73895]
 [    0.41612     0.81586]
 [    0.52123     0.80851]]

Player 2: [[          0           0]
 [          0           0]
 [          0           0]
 [    0.25298     0.68286]
 [          0           0]
 [     0.2617     0.72413]
 [     0.2898     0.69508]
 [    0.25753     0.77641]
 [    0.32663     0.71699]
 [     0.2594     0.76523]
 [     0.3384      0.7539]
 [    0.29653     0.82423]
 [    0.30904      0.8102]
 [    0.27182     0.90303]
 [    0.26242     0.88822]
 [    0.29719     0.96261]
 [    0.26124     0.95985]]

Ball: [959, 388]}


Frame: 30{
Player 1: [[          0           0]
 [          0           0]
 [          0           0]
 [     0.4636     0.57809]
 [    0.48127     0.57776]
 [     0.4552     0.61601]
 [    0.49125     0.61594]
 [    0.44572     0.66611]
 [    0.50374     0.66991]
 [    0.44888     0.70146]
 [    0.51397     0.70761]
 [    0.45761     0.70963]
 [    0.48829     0.70831]
 [    0.43684     0.74569]
 [    0.50968     0.74127]
 [    0.41897     0.81629]
 [    0.52134     0.80874]]

Player 2: [[          0           0]
 [          0           0]
 [          0           0]
 [     0.2707      0.6541]
 [    0.28796     0.64389]
 [    0.27438     0.70098]
 [     0.3091      0.6684]
 [    0.26976     0.75426]
 [     0.3395     0.69397]
 [    0.27462      0.7425]
 [    0.34661     0.74167]
 [    0.30055     0.80648]
 [    0.31829     0.78942]
 [    0.28719      0.8865]
 [    0.27834     0.86429]
 [    0.31136     0.96199]
 [    0.27008      0.9506]]

Ball: [959, 388]}


Frame: 33{
Player 1: [[          0           0]
 [          0           0]
 [          0           0]
 [    0.49299     0.58743]
 [    0.51127     0.58964]
 [    0.48023     0.62395]
 [    0.51587     0.62813]
 [    0.46447     0.66989]
 [    0.52481     0.68725]
 [    0.46946     0.68596]
 [    0.53262     0.72461]
 [    0.47564     0.71872]
 [    0.50584     0.71916]
 [    0.45277     0.74447]
 [     0.5246     0.73808]
 [    0.42256     0.81527]
 [    0.52515     0.80385]]

Player 2: [[          0           0]
 [          0           0]
 [          0           0]
 [    0.29679     0.63081]
 [    0.31625      0.6248]
 [    0.29497     0.67854]
 [    0.33572     0.66181]
 [    0.28018     0.73471]
 [    0.35218     0.71336]
 [    0.27238     0.76615]
 [    0.35818     0.76101]
 [    0.31302     0.79157]
 [    0.33849     0.77825]
 [    0.29965     0.87053]
 [    0.31827     0.84017]
 [     0.3126     0.96295]
 [    0.32647     0.92001]]

Ball: [959, 388]}


Frame: 36{
Player 1: [[          0           0]
 [          0           0]
 [          0           0]
 [    0.51677     0.58186]
 [    0.53368      0.5856]
 [    0.50195     0.61762]
 [    0.53708     0.62713]
 [    0.48292     0.65624]
 [    0.54487     0.68662]
 [    0.49315     0.66584]
 [     0.5515     0.71844]
 [    0.49372     0.71056]
 [    0.52125     0.71334]
 [    0.47188     0.75246]
 [    0.52911     0.74835]
 [    0.43949     0.81733]
 [    0.52245     0.80497]]

Player 2: [[          0           0]
 [          0           0]
 [          0           0]
 [    0.31396     0.63439]
 [    0.33377     0.63014]
 [    0.30827     0.68097]
 [    0.34946     0.66945]
 [    0.29102     0.73588]
 [    0.36272     0.72756]
 [    0.27828     0.77607]
 [    0.36801     0.77965]
 [    0.32058     0.79142]
 [    0.34914     0.78102]
 [    0.31035      0.8711]
 [    0.34875     0.84099]
 [    0.31543     0.96122]
 [    0.36372     0.91379]]

Ball: [959, 388]}


Frame: 39{
Player 1: [[          0           0]
 [          0           0]
 [          0           0]
 [          0           0]
 [    0.56388     0.57748]
 [    0.53059     0.60231]
 [    0.56037     0.62064]
 [    0.51128     0.62505]
 [    0.56098     0.67878]
 [          0           0]
 [          0           0]
 [    0.52166     0.69786]
 [    0.54196     0.70351]
 [    0.51568     0.76057]
 [    0.54177     0.75823]
 [    0.50682     0.82156]
 [    0.52742     0.80762]]

Player 2: [[          0           0]
 [          0           0]
 [          0           0]
 [    0.34333     0.63166]
 [    0.36295     0.62848]
 [    0.33583     0.67726]
 [    0.37513     0.67089]
 [    0.31652     0.72895]
 [      0.386     0.73075]
 [     0.2986     0.77775]
 [    0.38877     0.76764]
 [    0.34039     0.79216]
 [    0.37017     0.78325]
 [    0.32397     0.86801]
 [    0.38052     0.83868]
 [    0.31751     0.95992]
 [    0.39815     0.90774]]

Ball: [959, 388]}


