0.0
0.0
0.0
0.0
0.0
0.0
0.5065566301345825
0.5570332407951355
0.5242680907249451
0.556049108505249
0.4945150315761566
0.5994674563407898
0.5309183597564697
0.5947732329368591
0.4812745451927185
0.6561894416809082
0.541243851184845
0.6466861963272095
0.4916989207267761
0.6867873072624207
0.5450772047042847
0.6844052672386169
0.5037176609039307
0.7045177817344666
0.532211422920227
0.7031680345535278
0.49521541595458984
0.7760419845581055
0.5513052940368652
0.7703145146369934
0.4882758557796478
0.8517422080039978
0.5628989338874817
0.8449568748474121
0.0
0.0
0.0
0.0
0.0
0.0
0.5204335451126099
0.5729633569717407
0.5371786952018738
0.5736643075942993
0.5085253119468689
0.6174917221069336
0.5434037446975708
0.6163492202758789
0.4948338568210602
0.6759681105613708
0.5512217283248901
0.6756328344345093
0.5097073316574097
0.697983980178833
0.5614400506019592
0.7095443606376648
0.5129309892654419
0.7197972536087036
0.5421454906463623
0.7197458148002625
0.5001672506332397
0.7786961197853088
0.5678203105926514
0.7737697958946228
0.49297505617141724
0.8516494035720825
0.5938395857810974
0.8437919616699219
0.0
0.0
0.0
0.0
0.0
0.0
0.5479905605316162
0.5824815630912781
0.5662899017333984
0.5827617049217224
0.5363904237747192
0.6235054731369019
0.5714974403381348
0.6245861053466797
0.5264171361923218
0.6785722374916077
0.5802991986274719
0.6840713620185852
0.0
0.0
0.5829492211341858
0.7053781151771545
0.5352141857147217
0.7244254946708679
0.5663622617721558
0.7248777747154236
0.5163388252258301
0.7755658626556396
0.596570611000061
0.7747778296470642
0.4962190091609955
0.8509035110473633
0.605783998966217
0.8502303957939148
0.0
0.0
0.0
0.0
0.0
0.0
0.5712888836860657
0.5796534419059753
0.5895605683326721
0.5813367962837219
0.5595985651016235
0.619645893573761
0.5942879319190979
0.6216914057731628
0.5489806532859802
0.6755439043045044
0.5984776616096497
0.6783903241157532
0.0
0.0
0.5977136492729187
0.7050811052322388
0.5580586194992065
0.715948224067688
0.5867519378662109
0.7185916304588318
0.5408303141593933
0.7724927067756653
0.6058688163757324
0.7784820795059204
0.514137864112854
0.8409751653671265
0.6080359220504761
0.8519213199615479
0.0
0.0
0.0
0.0
0.0
0.0
0.5903102159500122
0.5700154900550842
0.6073940396308899
0.5709487795829773
0.5807303786277771
0.607912540435791
0.6120126247406006
0.6104561686515808
0.569725513458252
0.6536873579025269
0.612403154373169
0.6584537625312805
0.0
0.0
0.0
0.0
0.5781287550926208
0.6997193098068237
0.6016107797622681
0.7015656232833862
0.5735602378845215
0.7688508629798889
0.6107915043830872
0.7744292616844177
0.5533615350723267
0.840939998626709
0.6095180511474609
0.8489413857460022
0.0
0.0
0.0
0.0
0.0
0.0
0.5903102159500122
0.5700154900550842
0.6073940396308899
0.5709487795829773
0.5807303786277771
0.607912540435791
0.6120126247406006
0.6104561686515808
0.569725513458252
0.6536873579025269
0.612403154373169
0.6584537625312805
0.0
0.0
0.0
0.0
0.5781287550926208
0.6997193098068237
0.6016107797622681
0.7015656232833862
0.5735602378845215
0.7688508629798889
0.6107915043830872
0.7744292616844177
0.5533615350723267
0.840939998626709
0.6095180511474609
0.8489413857460022
0.0
0.0
0.0
0.0
0.6626862287521362
0.5826923847198486
0.0
0.0
0.6565670967102051
0.5856846570968628
0.6408017873764038
0.6234827041625977
0.6442568898200989
0.6306098699569702
0.0
0.0
0.6442338824272156
0.6880123615264893
0.0
0.0
0.6730352640151978
0.7086876034736633
0.6324695944786072
0.72623610496521
0.6388827562332153
0.7333489060401917
0.6365342140197754
0.7857505679130554
0.6650421619415283
0.7988150119781494
0.6216627359390259
0.8644232153892517
0.6690486073493958
0.8848925828933716
0.6829575896263123
0.598999559879303
0.0
0.0
0.6801670789718628
0.5924018025398254
0.0
0.0
0.6707631349563599
0.593824028968811
0.6655489206314087
0.6305574178695679
0.6549456119537354
0.6341648101806641
0.6676811575889587
0.6777541637420654
0.6422781944274902
0.6864282488822937
0.6903494596481323
0.7015543580055237
0.6486498117446899
0.7420216202735901
0.6582996249198914
0.7313973307609558
0.6575775146484375
0.7380691766738892
0.6479441523551941
0.7941734194755554
0.6779178380966187
0.8147137761116028
0.6245089769363403
0.8632402420043945
0.6925046443939209
0.9032809734344482
0.7058440446853638
0.611422061920166
0.0
0.0
0.7029153108596802
0.6051404476165771
0.0
0.0
0.6925196647644043
0.6072066426277161
0.6958193182945251
0.639715850353241
0.6725842952728271
0.6480450630187988
0.6999599933624268
0.6843114495277405
0.6546107530593872
0.7019293308258057
0.7178339958190918
0.7065040469169617
0.657349705696106
0.7591601610183716
0.6885704398155212
0.74391108751297
0.6774240136146545
0.7541423439979553
0.6847611665725708
0.7980843186378479
0.6938496828079224
0.8308603167533875
0.6522213816642761
0.848455548286438
0.697337806224823
0.9092602133750916
0.7228132486343384
0.615017831325531
0.0
0.0
0.7207689881324768
0.60845547914505
0.0
0.0
0.7098132371902466
0.6085959672927856
0.7149099707603455
0.6454616785049438
0.6865347027778625
0.6476688981056213
0.7188628911972046
0.6871004700660706
0.6682880520820618
0.7019665241241455
0.7352551221847534
0.7101480960845947
0.6682826280593872
0.7586149573326111
0.7074947953224182
0.7505593299865723
0.6906844973564148
0.7554870843887329
0.7143321633338928
0.8217785358428955
0.7024463415145874
0.8320595622062683
0.6946810483932495
0.8919662237167358
0.7008174657821655
0.9118787050247192
0.7457662224769592
0.6267642378807068
0.0
0.0
0.7434038519859314
0.6187583208084106
0.0
0.0
0.7320657968521118
0.6157342791557312
0.7396787405014038
0.6571093797683716
0.7085764408111572
0.6527748703956604
0.7407259941101074
0.7032414078712463
0.6881080865859985
0.7046926617622375
0.7558883428573608
0.7356059551239014
0.6868168711662292
0.7606801986694336
0.7284893989562988
0.7583240270614624
0.7065429091453552
0.7600793838500977
0.7467089891433716
0.8303418755531311
0.7108715772628784
0.8372615575790405
0.7441843748092651
0.9062337875366211
0.7000492215156555
0.9218406677246094
0.7614406943321228
0.6356571912765503
0.0
0.0
0.7588366866111755
0.6281431317329407
0.0
0.0
0.7481180429458618
0.6265519857406616
0.7549107074737549
0.6671496033668518
0.7249157428741455
0.6611378788948059
0.7516516447067261
0.7130183577537537
0.7017632722854614
0.7055644392967224
0.7606273293495178
0.7502085566520691
0.7001066207885742
0.7611656188964844
0.741623044013977
0.7672901749610901
0.7193097472190857
0.7677246332168579
0.7546325325965881
0.8402266502380371
0.7176313400268555
0.8448206782341003
0.7676228880882263
0.9028310179710388
0.7039065957069397
0.9145092368125916
0.7850003838539124
0.6663370132446289
0.0
0.0
0.7823269367218018
0.6592214703559875
0.0
0.0
0.7716355919837952
0.656143844127655
0.7804919481277466
0.6969297528266907
0.7491000890731812
0.6778646111488342
0.7807453870773315
0.7362779974937439
0.7179762125015259
0.7128927707672119
0.7837942242622375
0.7511467933654785
0.7176873087882996
0.7587385177612305
0.764105498790741
0.7994266748428345
0.7409353852272034
0.789491593837738
0.7785295248031616
0.8863000869750977
0.7432287931442261
0.8615371584892273
0.7870035767555237
0.9513860940933228
0.716745138168335
0.9188219904899597
0.7971166372299194
0.6796925067901611
0.0
0.0
0.7954222559928894
0.6715660691261292
0.0
0.0
0.7866808176040649
0.6682892441749573
0.7928067445755005
0.7133833169937134
0.761238694190979
0.6907049417495728
0.7891176342964172
0.7545820474624634
0.7293030023574829
0.7174836993217468
0.7957649827003479
0.7890309691429138
0.7274338006973267
0.7573727965354919
0.7735506296157837
0.8072047829627991
0.7506448030471802
0.797936737537384
0.7947977781295776
0.8873552680015564
0.7611267566680908
0.8680977821350098
0.7929018139839172
0.9569652080535889
0.7377399802207947
0.9307172298431396
0.8172351121902466
0.6975104212760925
0.0
0.0
0.815207302570343
0.6891734600067139
0.0
0.0
0.8043176531791687
0.6813763380050659
0.8052693605422974
0.718304455280304
0.7758225798606873
0.6997414231300354
0.7989979982376099
0.7694284915924072
0.7449067831039429
0.7230104207992554
0.8010793924331665
0.7912340760231018
0.7558227181434631
0.7581329941749573
0.7734484672546387
0.8050868511199951
0.7550562620162964
0.8021923303604126
0.8036733865737915
0.8572662472724915
0.7946009635925293
0.8559508323669434
0.7909756898880005
0.9406828880310059
0.7936743497848511
0.9481006264686584
0.8239210247993469
0.7153163552284241
0.0
0.0
0.8222967982292175
0.7071297764778137
0.0
0.0
0.8128620982170105
0.6972634196281433
0.8125925064086914
0.7181129455566406
0.7854175567626953
0.716167688369751
0.8113396763801575
0.7543847560882568
0.7691577672958374
0.7668206095695496
0.8188878893852234
0.7667601704597473
0.7843753099441528
0.8511013388633728
0.7739816904067993
0.807399570941925
0.7568605542182922
0.8096484541893005
0.8032944798469543
0.8490341901779175
0.7969065308570862
0.8544368147850037
0.7977184057235718
0.9328085780143738
0.8029850721359253
0.9513892531394958
0.8250759243965149
0.7310266494750977
0.0
0.0
0.8234366178512573
0.7235986590385437
0.0
0.0
0.8136721849441528
0.7227861285209656
0.807193398475647
0.7480323910713196
0.7902818918228149
0.7566190361976624
0.8114965558052063
0.7972703576087952
0.7861681580543518
0.8260394334793091
0.8136193156242371
0.8110472559928894
0.7997877597808838
0.8794357180595398
0.7762783765792847
0.832823634147644
0.7636036276817322
0.8402643203735352
0.8131518363952637
0.8805445432662964
0.8025937080383301
0.8893468976020813
0.8204669952392578
0.9604214429855347
0.7976220846176147
0.973986804485321
0.0
0.0
0.0
0.0
0.0
0.0
0.0
0.0
0.8179318308830261
0.7276937961578369
0.7899794578552246
0.7436487078666687
0.800818920135498
0.7613676190376282
0.8024944067001343
0.8033162355422974
0.7952209711074829
0.8321316838264465
0.8282611966133118
0.8574134111404419
0.8041074872016907
0.8858084082603455
0.7526764869689941
0.8302125930786133
0.7600308656692505
0.8422073125839233
0.8041669726371765
0.866213321685791
0.8074225187301636
0.8869142532348633
0.80487060546875
0.9495366215705872
0.8034893274307251
0.9788240194320679
0.0
0.0
0.0
0.0
0.0
0.0
0.0
0.0
0.8037194013595581
0.7070184350013733
0.7682572603225708
0.7161442041397095
0.7943149209022522
0.7466081380844116
0.0
0.0
0.7765405178070068
0.8080264329910278
0.0
0.0
0.7850384712219238
0.8723841905593872
0.7371773719787598
0.825892448425293
0.7552810907363892
0.8455184102058411
0.7765098810195923
0.8501368165016174
0.7971289157867432
0.8945051431655884
0.7709219455718994
0.9201788306236267
0.7950356602668762
0.9870268702507019
0.0
0.0
0.0
0.0
0.0
0.0
0.0
0.0
0.7846589088439941
0.6787056922912598
0.7489259243011475
0.6956903338432312
0.7756094336509705
0.7192731499671936
0.7180191278457642
0.7231559753417969
0.7752167582511902
0.7853618860244751
0.7053804993629456
0.74445641040802
0.7788762450218201
0.8433810472488403
0.7247993350028992
0.8056789636611938
0.741847813129425
0.8179717063903809
0.758478045463562
0.8574156165122986
0.7820662260055542
0.8756133913993835
0.7399418950080872
0.9334166646003723
0.7763643264770508
0.9576874375343323
0.0
0.0
0.0
0.0
0.0
0.0
0.7341196537017822
0.6324370503425598
0.7544289231300354
0.6383813619613647
0.7185451984405518
0.6689719557762146
0.7546336650848389
0.6886116862297058
0.6875775456428528
0.7093399167060852
0.7644377946853638
0.7560384273529053
0.6702252626419067
0.7494623064994812
0.7763304710388184
0.8057880997657776
0.7087337970733643
0.7881710529327393
0.7313987612724304
0.7984718084335327
0.7311311960220337
0.8634123206138611
0.7567541003227234
0.8816885948181152
0.7199774980545044
0.9496431946754456
0.7572528123855591
0.9722651243209839
0.0
0.0
0.0
0.0
0.0
0.0
0.7149373292922974
0.6144841313362122
0.7348746061325073
0.6186784505844116
0.6978365182876587
0.650315523147583
0.7387668490409851
0.6655356287956238
0.6766548156738281
0.7006388306617737
0.7493237853050232
0.7352409362792969
0.6633002161979675
0.7484321594238281
0.7677711248397827
0.7779867649078369
0.6953026056289673
0.770580530166626
0.7205444574356079
0.7781161665916443
0.7122867107391357
0.8505652546882629
0.7311581969261169
0.8595387935638428
0.7127062678337097
0.9449633359909058
0.7173739671707153
0.9515069127082825
0.0
0.0
0.0
0.0
0.0
0.0
0.6872659921646118
0.6065561175346375
0.7080367803573608
0.609670877456665
0.6734959483146667
0.6477426290512085
0.7168176174163818
0.6561905145645142
0.6606810688972473
0.7119626402854919
0.7284208536148071
0.719788134098053
0.6534878015518188
0.7636124491691589
0.7372422814369202
0.7440654039382935
0.6749821305274963
0.767045259475708
0.7020750045776367
0.7718126177787781
0.6827352643013
0.847953200340271
0.6991756558418274
0.8598195314407349
0.6837447881698608
0.9298372268676758
0.6834834814071655
0.9436565041542053
0.0
0.0
0.0
0.0
0.0
0.0
0.6714224219322205
0.6149009466171265
0.6915715336799622
0.6188371777534485
0.6586347222328186
0.6556108593940735
0.7020117044448853
0.6635953187942505
0.6504426598548889
0.7223235964775085
0.7132388949394226
0.7145370244979858
0.64693284034729
0.7679589986801147
0.7043358087539673
0.7187063694000244
0.6589503884315491
0.7704368829727173
0.6895144581794739
0.7761451005935669
0.6499186754226685
0.8403409123420715
0.6868525743484497
0.864899218082428
0.6387876272201538
0.9137163758277893
0.6775388121604919
0.9514186382293701
0.0
0.0
0.0
0.0
0.0
0.0
0.6448497176170349
0.6133133172988892
0.6640538573265076
0.6167107224464417
0.6329570412635803
0.6515430808067322
0.6742445230484009
0.662248432636261
0.62553471326828
0.7193545699119568
0.6867989301681519
0.7143673300743103
0.620394766330719
0.7598398923873901
0.0
0.0
0.6331793069839478
0.7665086388587952
0.665418803691864
0.7743271589279175
0.6148487329483032
0.8305525779724121
0.671124279499054
0.8608229756355286
0.597331702709198
0.9083887934684753
0.674126923084259
0.95317143201828
0.0
0.0
0.0
0.0
0.0
0.0
0.6250565052032471
0.6016212701797485
0.6463515162467957
0.6046119332313538
0.6151399612426758
0.6408004760742188
0.6558204889297485
0.6471627950668335
0.6062551736831665
0.702576220035553
0.6680389642715454
0.6978603005409241
0.5920045971870422
0.7386588454246521
0.6705899834632874
0.7181135416030884
0.6144331693649292
0.7543810606002808
0.6453150510787964
0.7599231004714966
0.5981168746948242
0.8214133381843567
0.6531678438186646
0.8473279476165771
0.5923866629600525
0.8995720148086548
0.664564311504364
0.941724419593811
0.0
0.0
0.0
0.0
0.0
0.0
0.6016203761100769
0.5879363417625427
0.0
0.0
0.5884749889373779
0.6314749121665955
0.6299246549606323
0.6301374435424805
0.5732110142707825
0.6831660866737366
0.6427910327911377
0.6913319230079651
0.5648241639137268
0.7174463272094727
0.6574122309684753
0.7237779498100281
0.5943084359169006
0.7466729283332825
0.6222964525222778
0.7424424886703491
0.5857416987419128
0.8220716714859009
0.6238082051277161
0.8036059737205505
0.5910199284553528
0.8983457684516907
0.627473771572113
0.8617850542068481
0.0
0.0
0.0
0.0
0.0
0.0
0.5875468850135803
0.5763105750083923
0.0
0.0
0.5747177004814148
0.6182350516319275
0.6151925325393677
0.620773434638977
0.5571861267089844
0.6694943904876709
0.6304973363876343
0.6804863214492798
0.5443499684333801
0.6972653865814209
0.645323634147644
0.7142810225486755
0.5796428918838501
0.7356254458427429
0.6041368246078491
0.7355211973190308
0.5839965343475342
0.8206130862236023
0.6032516360282898
0.8191024661064148
0.5935956239700317
0.9039244055747986
0.5980201363563538
0.8978247046470642
0.0
0.0
0.0
0.0
0.0
0.0
0.566257894039154
0.5737752914428711
0.0
0.0
0.5538681149482727
0.6145499348640442
0.594631552696228
0.6115555763244629
0.5307475328445435
0.6589963436126709
0.6106005907058716
0.6703009009361267
0.5241468548774719
0.6867998838424683
0.6278333067893982
0.7047106623649597
0.5605753660202026
0.7255335450172424
0.5819560885429382
0.7199305295944214
0.5750844478607178
0.8102579712867737
0.5755288600921631
0.7908886671066284
0.5897696614265442
0.882733166217804
0.5511810183525085
0.8481346964836121
0.0
0.0
0.0
0.0
0.0
0.0
0.5544905662536621
0.5744277238845825
0.0
0.0
0.5446826219558716
0.6141010522842407
0.5810177326202393
0.6125827431678772
0.5235962867736816
0.660860538482666
0.5988290309906006
0.6660968065261841
0.5122972726821899
0.6873217821121216
0.6155827045440674
0.7032486200332642
0.550749659538269
0.7264235019683838
0.5689593553543091
0.7232739925384521
0.5515943169593811
0.8038555383682251
0.5476328730583191
0.7977128028869629
0.5795685648918152
0.8746564984321594
0.5346435904502869
0.864654541015625
0.5294955968856812
0.5702007412910461
0.5317013263702393
0.5634011030197144
0.0
0.0
0.5387915372848511
0.5663455724716187
0.0
0.0
0.5253874063491821
0.6050505042076111
0.5653060674667358
0.6068794131278992
0.5127571225166321
0.6587848663330078
0.5780192613601685
0.656597912311554
0.502544105052948
0.6824105381965637
0.5932922959327698
0.6926731467247009
0.5300047993659973
0.7143982648849487
0.5550574064254761
0.7156850099563599
0.5114567875862122
0.7703853845596313
0.5369039177894592
0.7792743444442749
0.5359833836555481
0.8291969895362854
0.5388182401657104
0.8440660238265991
0.5179160833358765
0.5601850152015686
0.5203951001167297
0.5535502433776855
0.0
0.0
0.5283442139625549
0.5576546788215637
0.0
0.0
0.5147993564605713
0.5956688523292542
0.5553086996078491
0.5948086380958557
0.5023277997970581
0.6497431397438049
0.5708365440368652
0.6504127383232117
0.49555301666259766
0.6814017295837402
0.5779799222946167
0.7050448656082153
0.5187801122665405
0.7016314268112183
0.5460721254348755
0.7014257907867432
0.4966178834438324
0.7569855451583862
0.5393542051315308
0.76031893491745
0.5115569233894348
0.8298345804214478
0.5349130034446716
0.836031436920166
0.0
0.0
0.0
0.0
0.0
0.0
0.507917046546936
0.5622822642326355
0.5260507464408875
0.5612096786499023
0.5014119148254395
0.6044753193855286
0.5386046171188354
0.6024268865585327
0.48637133836746216
0.6621417999267578
0.5541531443595886
0.6521039605140686
0.4769570827484131
0.6863314509391785
0.5513117909431458
0.6627992987632751
0.5026362538337708
0.7081449031829834
0.5315382480621338
0.7056242823600769
0.47649726271629333
0.7567307353019714
0.5370338559150696
0.7586239576339722
0.4589264392852783
0.8288142681121826
0.543961226940155
0.8318250179290771
0.0
0.0
0.0
0.0
0.0
0.0
0.49609312415122986
0.5737521052360535
0.5141422152519226
0.5712390542030334
0.4891811013221741
0.6155868768692017
0.5253576040267944
0.6100849509239197
0.47644224762916565
0.6751479506492615
0.5362194180488586
0.660608172416687
0.4761269688606262
0.6939323544502258
0.5375015735626221
0.6936066746711731
0.4913400709629059
0.7139462232589722
0.5217130184173584
0.7119238972663879
0.46637219190597534
0.7626824378967285
0.5329252481460571
0.7678096294403076
0.44004517793655396
0.8255205154418945
0.5443798303604126
0.8392561078071594
0.0
0.0
0.0
0.0
0.0
0.0
0.4682813584804535
0.5745580196380615
0.48686283826828003
0.5740363001823425
0.4577295780181885
0.6151018142700195
0.498174250125885
0.6145623922348022
0.44680291414260864
0.6735907196998596
0.5078980922698975
0.6718181371688843
0.4510926604270935
0.681384801864624
0.5048229098320007
0.6890019178390503
0.4611448347568512
0.7148547768592834
0.4954051077365875
0.7149707078933716
0.4384468197822571
0.7636602520942688
0.5161545276641846
0.7670474648475647
0.4280344545841217
0.8302527666091919
0.5369702577590942
0.8363004326820374
0.0
0.0
0.0
0.0
0.0
0.0
0.44865769147872925
0.5700398087501526
0.4672158360481262
0.5682104825973511
0.4384690821170807
0.6128998398780823
0.47875985503196716
0.6097548604011536
0.430330365896225
0.6734722852706909
0.4888233542442322
0.6665980219841003
0.43436890840530396
0.7001404762268066
0.48525723814964294
0.7010628581047058
0.44325223565101624
0.7124093174934387
0.47634968161582947
0.7112920880317688
0.42595773935317993
0.762729287147522
0.49287518858909607
0.7627285718917847
0.42568308115005493
0.8305549025535583
0.5180031061172485
0.8320239782333374
0.0
0.0
0.0
0.0
0.0
0.0
0.4225243031978607
0.5586884617805481
0.0
0.0
0.419041246175766
0.6008011102676392
0.4537900388240814
0.594694197177887
0.4071022570133209
0.6515140533447266
0.4676622748374939
0.6447724103927612
0.40259218215942383
0.65561443567276
0.44885772466659546
0.6504799127578735
0.4276305139064789
0.7019264101982117
0.45105090737342834
0.6954747438430786
0.41843366622924805
0.7668018937110901
0.44664496183395386
0.7535263895988464
0.4262320399284363
0.8269380331039429
0.4577736258506775
0.8067727088928223
0.0
0.0
0.0
0.0
0.0
0.0
0.4142285883426666
0.5551733374595642
0.0
0.0
0.4100274443626404
0.5945727229118347
0.4460565149784088
0.592620313167572
0.40091419219970703
0.6476907730102539
0.46262842416763306
0.6384087204933167
0.389781653881073
0.6727911233901978
0.4421469271183014
0.6447792053222656
0.42059192061424255
0.6963027119636536
0.44281744956970215
0.6947471499443054
0.41434112191200256
0.7631829380989075
0.42586398124694824
0.7644143104553223
0.4290342330932617
0.8274305462837219
0.4285537302494049
0.82806396484375
0.0
0.0
0.0
0.0
0.0
0.0
0.4142285883426666
0.5551733374595642
0.0
0.0
0.4100274443626404
0.5945727229118347
0.4460565149784088
0.592620313167572
0.40091419219970703
0.6476907730102539
0.46262842416763306
0.6384087204933167
0.389781653881073
0.6727911233901978
0.4421469271183014
0.6447792053222656
0.42059192061424255
0.6963027119636536
0.44281744956970215
0.6947471499443054
0.41434112191200256
0.7631829380989075
0.42586398124694824
0.7644143104553223
0.4290342330932617
0.8274305462837219
0.4285537302494049
0.82806396484375
0.0
0.0
0.0
0.0
0.0
0.0
0.40573984384536743
0.5568071007728577
0.0
0.0
0.4035237729549408
0.596468985080719
0.43854570388793945
0.591511607170105
0.39768701791763306
0.6523387432098389
0.45572957396507263
0.6364930272102356
0.3971979022026062
0.6959580183029175
0.43924957513809204
0.6483049392700195
0.415894091129303
0.7012156844139099
0.4375170171260834
0.6960099935531616
0.40424424409866333
0.7644203901290894
0.41354790329933167
0.7586227655410767
0.419888436794281
0.8231506943702698
0.41559457778930664
0.813324511051178
0.0
0.0
0.0
0.0
0.0
0.0
0.3439834713935852
0.5965299010276794
0.0
0.0
0.3546696603298187
0.6334647536277771
0.37850505113601685
0.6076385378837585
0.34010910987854004
0.6851541996002197
0.41023239493370056
0.6171430945396423
0.3082844316959381
0.6893172264099121
0.43259018659591675
0.6137429475784302
0.3774973750114441
0.7339011430740356
0.39219412207603455
0.7195283770561218
0.3378576636314392
0.8056607842445374
0.37154582142829895
0.7866166830062866
0.3274894654750824
0.8828877806663513
0.3846873641014099
0.863861083984375
0.0
0.0
0.0
0.0
0.0
0.0
0.330206960439682
0.6034469604492188
0.0
0.0
0.33737456798553467
0.6442095637321472
0.36320820450782776
0.6163607835769653
0.32385724782943726
0.6935644149780273
0.3933553397655487
0.6183671355247498
0.29557767510414124
0.6949000954627991
0.4036880433559418
0.6218949556350708
0.3618243634700775
0.7406282424926758
0.3776904344558716
0.7265336513519287
0.3280148506164551
0.8084082007408142
0.3625395596027374
0.7897102236747742
0.3242570459842682
0.8869235515594482
0.375681072473526
0.8686301112174988
0.3088948130607605
0.6147015690803528
0.30991867184638977
0.6089629530906677
0.0
0.0
0.3178304135799408
0.6078728437423706
0.0
0.0
0.3242727518081665
0.6494426131248474
0.34940046072006226
0.6147212982177734
0.2998903691768646
0.7068729996681213
0.379530131816864
0.6185769438743591
0.27734115719795227
0.7067530155181885
0.40374642610549927
0.6243655681610107
0.3573116362094879
0.7356413006782532
0.3723211884498596
0.7196751832962036
0.32263827323913574
0.8060513138771057
0.3601416051387787
0.7826654314994812
0.32186171412467957
0.8864898681640625
0.378639280796051
0.8623950481414795
0.30441638827323914
0.625512957572937
0.3054952025413513
0.618888795375824
0.0
0.0
0.31247472763061523
0.6118196845054626
0.0
0.0
0.31895023584365845
0.6503167748451233
0.3451950252056122
0.6133073568344116
0.2995058596134186
0.7064453959465027
0.3802054524421692
0.6109061241149902
0.28851303458213806
0.725865364074707
0.4045018255710602
0.6213321089744568
0.35498228669166565
0.735105037689209
0.3711331784725189
0.71767258644104
0.32001638412475586
0.805672287940979
0.35801762342453003
0.7757620811462402
0.3193057179450989
0.88868647813797
0.3794619143009186
0.8501198887825012
0.3055911064147949
0.6200015544891357
0.30757659673690796
0.6139512062072754
0.0
0.0
0.31418365240097046
0.6097452640533447
0.0
0.0
0.31994375586509705
0.6476369500160217
0.3481120765209198
0.612366795539856
0.32355037331581116
0.6941060423851013
0.3797335624694824
0.6195439696311951
0.33454471826553345
0.6915057897567749
0.39530032873153687
0.623363733291626
0.3498672544956207
0.7357854843139648
0.370108038187027
0.7174583673477173
0.3176417052745819
0.8004862666130066
0.359941303730011
0.7628400921821594
0.31815987825393677
0.885930061340332
0.38223448395729065
0.8343722224235535
0.0
0.0
0.0
0.0
0.0
0.0
0.31866538524627686
0.6000397801399231
0.0
0.0
0.32415536046028137
0.6405231356620789
0.3552362322807312
0.6133139133453369
0.33195894956588745
0.687225341796875
0.3843754231929779
0.6311569809913635
0.3438361585140228
0.7018324732780457
0.38774076104164124
0.6353775262832642
0.3502291738986969
0.7323552370071411
0.37365132570266724
0.7177765965461731
0.31813865900039673
0.7955144047737122
0.3673131465911865
0.7652884721755981
0.3173498809337616
0.8845327496528625
0.38602933287620544
0.8405799865722656
0.0
0.0
0.0
0.0
0.0
0.0
0.33864879608154297
0.5873952507972717
0.35617688298225403
0.5803684592247009
0.3361734449863434
0.6344048380851746
0.3722642958164215
0.6160423159599304
0.33193811774253845
0.6992854475975037
0.39898404479026794
0.6480903029441833
0.0
0.0
0.38885730504989624
0.6462684869766235
0.34883981943130493
0.7367260456085205
0.37659841775894165
0.7267024517059326
0.3276083469390869
0.8055650591850281
0.379963755607605
0.787956178188324
0.31872454285621643
0.8903505206108093
0.38886475563049316
0.863985538482666
0.0
0.0
0.0
0.0
0.0
0.0
0.34540873765945435
0.5859095454216003
0.36230236291885376
0.5804678797721863
0.3433957099914551
0.6295908093452454
0.3787415623664856
0.6160955429077148
0.3341583013534546
0.6930176019668579
0.4018450677394867
0.6496313810348511
0.326168417930603
0.7433884739875793
0.3918444514274597
0.646788477897644
0.35262399911880493
0.7317741513252258
0.37907350063323975
0.7234963178634644
0.33327168226242065
0.808594286441803
0.38038113713264465
0.7950013875961304
0.3201906085014343
0.8909755945205688
0.3882126212120056
0.8670579791069031
0.0
0.0
0.0
0.0
0.0
0.0
0.34540873765945435
0.5859095454216003
0.36230236291885376
0.5804678797721863
0.3433957099914551
0.6295908093452454
0.3787415623664856
0.6160955429077148
0.3341583013534546
0.6930176019668579
0.4018450677394867
0.6496313810348511
0.326168417930603
0.7433884739875793
0.3918444514274597
0.646788477897644
0.35262399911880493
0.7317741513252258
0.37907350063323975
0.7234963178634644
0.33327168226242065
0.808594286441803
0.38038113713264465
0.7950013875961304
0.3201906085014343
0.8909755945205688
0.3882126212120056
0.8670579791069031
0.0
0.0
0.0
0.0
0.0
0.0
0.34540873765945435
0.5859095454216003
0.36230236291885376
0.5804678797721863
0.3433957099914551
0.6295908093452454
0.3787415623664856
0.6160955429077148
0.3341583013534546
0.6930176019668579
0.4018450677394867
0.6496313810348511
0.326168417930603
0.7433884739875793
0.3918444514274597
0.646788477897644
0.35262399911880493
0.7317741513252258
0.37907350063323975
0.7234963178634644
0.33327168226242065
0.808594286441803
0.38038113713264465
0.7950013875961304
0.3201906085014343
0.8909755945205688
0.3882126212120056
0.8670579791069031
0.0
0.0
0.0
0.0
0.0
0.0
0.34540873765945435
0.5859095454216003
0.36230236291885376
0.5804678797721863
0.3433957099914551
0.6295908093452454
0.3787415623664856
0.6160955429077148
0.3341583013534546
0.6930176019668579
0.4018450677394867
0.6496313810348511
0.326168417930603
0.7433884739875793
0.3918444514274597
0.646788477897644
0.35262399911880493
0.7317741513252258
0.37907350063323975
0.7234963178634644
0.33327168226242065
0.808594286441803
0.38038113713264465
0.7950013875961304
0.3201906085014343
0.8909755945205688
0.3882126212120056
0.8670579791069031
0.0
0.0
0.0
0.0
0.0
0.0
0.34540873765945435
0.5859095454216003
0.36230236291885376
0.5804678797721863
0.3433957099914551
0.6295908093452454
0.3787415623664856
0.6160955429077148
0.3341583013534546
0.6930176019668579
0.4018450677394867
0.6496313810348511
0.326168417930603
0.7433884739875793
0.3918444514274597
0.646788477897644
0.35262399911880493
0.7317741513252258
0.37907350063323975
0.7234963178634644
0.33327168226242065
0.808594286441803
0.38038113713264465
0.7950013875961304
0.3201906085014343
0.8909755945205688
0.3882126212120056
0.8670579791069031
0.0
0.0
0.0
0.0
0.0
0.0
0.34540873765945435
0.5859095454216003
0.36230236291885376
0.5804678797721863
0.3433957099914551
0.6295908093452454
0.3787415623664856
0.6160955429077148
0.3341583013534546
0.6930176019668579
0.4018450677394867
0.6496313810348511
0.326168417930603
0.7433884739875793
0.3918444514274597
0.646788477897644
0.35262399911880493
0.7317741513252258
0.37907350063323975
0.7234963178634644
0.33327168226242065
0.808594286441803
0.38038113713264465
0.7950013875961304
0.3201906085014343
0.8909755945205688
0.3882126212120056
0.8670579791069031
0.0
0.0
0.0
0.0
0.0
0.0
0.34540873765945435
0.5859095454216003
0.36230236291885376
0.5804678797721863
0.3433957099914551
0.6295908093452454
0.3787415623664856
0.6160955429077148
0.3341583013534546
0.6930176019668579
0.4018450677394867
0.6496313810348511
0.326168417930603
0.7433884739875793
0.3918444514274597
0.646788477897644
0.35262399911880493
0.7317741513252258
0.37907350063323975
0.7234963178634644
0.33327168226242065
0.808594286441803
0.38038113713264465
0.7950013875961304
0.3201906085014343
0.8909755945205688
0.3882126212120056
0.8670579791069031
0.0
0.0
0.0
0.0
0.0
0.0
0.34540873765945435
0.5859095454216003
0.36230236291885376
0.5804678797721863
0.3433957099914551
0.6295908093452454
0.3787415623664856
0.6160955429077148
0.3341583013534546
0.6930176019668579
0.4018450677394867
0.6496313810348511
0.326168417930603
0.7433884739875793
0.3918444514274597
0.646788477897644
0.35262399911880493
0.7317741513252258
0.37907350063323975
0.7234963178634644
0.33327168226242065
0.808594286441803
0.38038113713264465
0.7950013875961304
0.3201906085014343
0.8909755945205688
0.3882126212120056
0.8670579791069031
0.0
0.0
0.0
0.0
0.0
0.0
0.34540873765945435
0.5859095454216003
0.36230236291885376
0.5804678797721863
0.3433957099914551
0.6295908093452454
0.3787415623664856
0.6160955429077148
0.3341583013534546
0.6930176019668579
0.4018450677394867
0.6496313810348511
0.326168417930603
0.7433884739875793
0.3918444514274597
0.646788477897644
0.35262399911880493
0.7317741513252258
0.37907350063323975
0.7234963178634644
0.33327168226242065
0.808594286441803
0.38038113713264465
0.7950013875961304
0.3201906085014343
0.8909755945205688
0.3882126212120056
0.8670579791069031
0.0
0.0
0.0
0.0
0.0
0.0
0.34540873765945435
0.5859095454216003
0.36230236291885376
0.5804678797721863
0.3433957099914551
0.6295908093452454
0.3787415623664856
0.6160955429077148
0.3341583013534546
0.6930176019668579
0.4018450677394867
0.6496313810348511
0.326168417930603
0.7433884739875793
0.3918444514274597
0.646788477897644
0.35262399911880493
0.7317741513252258
0.37907350063323975
0.7234963178634644
0.33327168226242065
0.808594286441803
0.38038113713264465
0.7950013875961304
0.3201906085014343
0.8909755945205688
0.3882126212120056
0.8670579791069031
0.0
0.0
0.0
0.0
0.0
0.0
0.34540873765945435
0.5859095454216003
0.36230236291885376
0.5804678797721863
0.3433957099914551
0.6295908093452454
0.3787415623664856
0.6160955429077148
0.3341583013534546
0.6930176019668579
0.4018450677394867
0.6496313810348511
0.326168417930603
0.7433884739875793
0.3918444514274597
0.646788477897644
0.35262399911880493
0.7317741513252258
0.37907350063323975
0.7234963178634644
0.33327168226242065
0.808594286441803
0.38038113713264465
0.7950013875961304
0.3201906085014343
0.8909755945205688
0.3882126212120056
0.8670579791069031
0.0
0.0
0.0
0.0
0.0
0.0
0.34540873765945435
0.5859095454216003
0.36230236291885376
0.5804678797721863
0.3433957099914551
0.6295908093452454
0.3787415623664856
0.6160955429077148
0.3341583013534546
0.6930176019668579
0.4018450677394867
0.6496313810348511
0.326168417930603
0.7433884739875793
0.3918444514274597
0.646788477897644
0.35262399911880493
0.7317741513252258
0.37907350063323975
0.7234963178634644
0.33327168226242065
0.808594286441803
0.38038113713264465
0.7950013875961304
0.3201906085014343
0.8909755945205688
0.3882126212120056
0.8670579791069031
0.0
0.0
0.0
0.0
0.0
0.0
0.34540873765945435
0.5859095454216003
0.36230236291885376
0.5804678797721863
0.3433957099914551
0.6295908093452454
0.3787415623664856
0.6160955429077148
0.3341583013534546
0.6930176019668579
0.4018450677394867
0.6496313810348511
0.326168417930603
0.7433884739875793
0.3918444514274597
0.646788477897644
0.35262399911880493
0.7317741513252258
0.37907350063323975
0.7234963178634644
0.33327168226242065
0.808594286441803
0.38038113713264465
0.7950013875961304
0.3201906085014343
0.8909755945205688
0.3882126212120056
0.8670579791069031
0.0
0.0
0.0
0.0
0.0
0.0
0.34540873765945435
0.5859095454216003
0.36230236291885376
0.5804678797721863
0.3433957099914551
0.6295908093452454
0.3787415623664856
0.6160955429077148
0.3341583013534546
0.6930176019668579
0.4018450677394867
0.6496313810348511
0.326168417930603
0.7433884739875793
0.3918444514274597
0.646788477897644
0.35262399911880493
0.7317741513252258
0.37907350063323975
0.7234963178634644
0.33327168226242065
0.808594286441803
0.38038113713264465
0.7950013875961304
0.3201906085014343
0.8909755945205688
0.3882126212120056
0.8670579791069031
0.0
0.0
0.0
0.0
0.0
0.0
0.34540873765945435
0.5859095454216003
0.36230236291885376
0.5804678797721863
0.3433957099914551
0.6295908093452454
0.3787415623664856
0.6160955429077148
0.3341583013534546
0.6930176019668579
0.4018450677394867
0.6496313810348511
0.326168417930603
0.7433884739875793
0.3918444514274597
0.646788477897644
0.35262399911880493
0.7317741513252258
0.37907350063323975
0.7234963178634644
0.33327168226242065
0.808594286441803
0.38038113713264465
0.7950013875961304
0.3201906085014343
0.8909755945205688
0.3882126212120056
0.8670579791069031
0.0
0.0
0.0
0.0
0.0
0.0
0.34540873765945435
0.5859095454216003
0.36230236291885376
0.5804678797721863
0.3433957099914551
0.6295908093452454
0.3787415623664856
0.6160955429077148
0.3341583013534546
0.6930176019668579
0.4018450677394867
0.6496313810348511
0.326168417930603
0.7433884739875793
0.3918444514274597
0.646788477897644
0.35262399911880493
0.7317741513252258
0.37907350063323975
0.7234963178634644
0.33327168226242065
0.808594286441803
0.38038113713264465
0.7950013875961304
0.3201906085014343
0.8909755945205688
0.3882126212120056
0.8670579791069031
0.0
0.0
0.0
0.0
0.0
0.0
0.34540873765945435
0.5859095454216003
0.36230236291885376
0.5804678797721863
0.3433957099914551
0.6295908093452454
0.3787415623664856
0.6160955429077148
0.3341583013534546
0.6930176019668579
0.4018450677394867
0.6496313810348511
0.326168417930603
0.7433884739875793
0.3918444514274597
0.646788477897644
0.35262399911880493
0.7317741513252258
0.37907350063323975
0.7234963178634644
0.33327168226242065
0.808594286441803
0.38038113713264465
0.7950013875961304
0.3201906085014343
0.8909755945205688
0.3882126212120056
0.8670579791069031
0.0
0.0
0.0
0.0
0.0
0.0
0.34540873765945435
0.5859095454216003
0.36230236291885376
0.5804678797721863
0.3433957099914551
0.6295908093452454
0.3787415623664856
0.6160955429077148
0.3341583013534546
0.6930176019668579
0.4018450677394867
0.6496313810348511
0.326168417930603
0.7433884739875793
0.3918444514274597
0.646788477897644
0.35262399911880493
0.7317741513252258
0.37907350063323975
0.7234963178634644
0.33327168226242065
0.808594286441803
0.38038113713264465
0.7950013875961304
0.3201906085014343
0.8909755945205688
0.3882126212120056
0.8670579791069031
0.0
0.0
0.0
0.0
0.0
0.0
0.34540873765945435
0.5859095454216003
0.36230236291885376
0.5804678797721863
0.3433957099914551
0.6295908093452454
0.3787415623664856
0.6160955429077148
0.3341583013534546
0.6930176019668579
0.4018450677394867
0.6496313810348511
0.326168417930603
0.7433884739875793
0.3918444514274597
0.646788477897644
0.35262399911880493
0.7317741513252258
0.37907350063323975
0.7234963178634644
0.33327168226242065
0.808594286441803
0.38038113713264465
0.7950013875961304
0.3201906085014343
0.8909755945205688
0.3882126212120056
0.8670579791069031
0.0
0.0
0.0
0.0
0.0
0.0
0.34540873765945435
0.5859095454216003
0.36230236291885376
0.5804678797721863
0.3433957099914551
0.6295908093452454
0.3787415623664856
0.6160955429077148
0.3341583013534546
0.6930176019668579
0.4018450677394867
0.6496313810348511
0.326168417930603
0.7433884739875793
0.3918444514274597
0.646788477897644
0.35262399911880493
0.7317741513252258
0.37907350063323975
0.7234963178634644
0.33327168226242065
0.808594286441803
0.38038113713264465
0.7950013875961304
0.3201906085014343
0.8909755945205688
0.3882126212120056
0.8670579791069031
