0.0
0.0
0.0
0.0
0.0
0.0
0.0
0.0
0.6916521191596985
0.6457216739654541
0.6708475947380066
0.6644521355628967
0.6878171563148499
0.6836328506469727
0.6843820214271545
0.6991867423057556
0.6940823793411255
0.7355596423149109
0.7045408487319946
0.7128077745437622
0.7242330312728882
0.7407525181770325
0.6572951078414917
0.7580398917198181
0.6693659424781799
0.7690086960792542
0.6800393462181091
0.8042214512825012
0.6968130469322205
0.826585054397583
0.6752217411994934
0.8717871904373169
0.7020996809005737
0.9030006527900696
0.0
0.0
0.0
0.0
0.0
0.0
0.0
0.0
0.6888715028762817
0.6571897268295288
0.6713011264801025
0.6715739965438843
0.6806252598762512
0.6957439184188843
0.6890493035316467
0.6893632411956787
0.6838606595993042
0.7426580190658569
0.7062890529632568
0.6816869378089905
0.709446132183075
0.740462601184845
0.6579552888870239
0.7636522054672241
0.6651944518089294
0.7788069248199463
0.6830370426177979
0.8043716549873352
0.6952060461044312
0.8378376364707947
0.6775369644165039
0.8723879456520081
0.6961119771003723
0.9203709363937378
0.0
0.0
0.0
0.0
0.0
0.0
0.0
0.0
0.6848627924919128
0.6646450757980347
0.6719837784767151
0.675845742225647
0.6752557158470154
0.7032294273376465
0.6890894770622253
0.6847821474075317
0.6772671937942505
0.7545703649520874
0.7024872899055481
0.6733622550964355
0.7022095918655396
0.7397699952125549
0.6605756282806396
0.7676441073417664
0.6634907126426697
0.7824409604072571
0.6865406036376953
0.8305318355560303
0.6934019923210144
0.8510659337043762
0.6708841323852539
0.9083999395370483
0.6832684874534607
0.9274562001228333
0.0
0.0
0.0
0.0
0.0
0.0
0.0
0.0
0.6793004870414734
0.6791689395904541
0.6621706485748291
0.6905115246772766
0.671122670173645
0.7190936207771301
0.6709008812904358
0.7020508050918579
0.6787776947021484
0.7695645093917847
0.6856380105018616
0.6982622146606445
0.6974508762359619
0.7551261782646179
0.6507461071014404
0.7829679250717163
0.65538090467453
0.7972812056541443
0.6786982417106628
0.8527886271476746
0.6795512437820435
0.8727051615715027
0.6627504229545593
0.9273251295089722
0.6582986116409302
0.9472871422767639
0.0
0.0
0.0
0.0
0.6775709986686707
0.6771202087402344
0.0
0.0
0.6706702709197998
0.6829676032066345
0.6459102630615234
0.6938143372535706
0.6693596243858337
0.7190385460853577
0.6284590363502502
0.7075709700584412
0.6874052286148071
0.7585304379463196
0.6383006572723389
0.7364756464958191
0.7039434909820557
0.7611184120178223
0.6372233033180237
0.7865761518478394
0.6497801542282104
0.8009499907493591
0.6731586456298828
0.8580839037895203
0.6765619516372681
0.8772410154342651
0.6621245741844177
0.9316002726554871
0.6623865365982056
0.9478518962860107
0.0
0.0
0.0
0.0
0.0
0.0
0.0
0.0
0.6610971689224243
0.6907718181610107
0.6358534097671509
0.6968602538108826
0.6616811156272888
0.72429358959198
0.6182919144630432
0.7029155492782593
0.6787596940994263
0.7510293126106262
0.6292313933372498
0.7126485109329224
0.6920965909957886
0.7352321147918701
0.6209220886230469
0.7913762331008911
0.634537935256958
0.8077611327171326
0.6623533964157104
0.8369145393371582
0.6694768667221069
0.8702552914619446
0.6519693732261658
0.9046069383621216
0.6603089570999146
0.9484413266181946
0.0
0.0
0.0
0.0
0.0
0.0
0.6368867754936218
0.6782456040382385
0.6524246335029602
0.6886231303215027
0.6234554648399353
0.6989213824272156
0.6524896621704102
0.7227934002876282
0.6055805683135986
0.7274684309959412
0.6542943120002747
0.754292905330658
0.614520788192749
0.7332944869995117
0.0
0.0
0.610741913318634
0.788754403591156
0.6312161684036255
0.8046666979789734
0.6299751996994019
0.8256305456161499
0.6581183671951294
0.8634106516838074
0.6149533987045288
0.8831444382667542
0.6587278842926025
0.9358816742897034
0.0
0.0
0.0
0.0
0.0
0.0
0.614374041557312
0.6684158444404602
0.6309574246406555
0.6753096580505371
0.6009550094604492
0.696806013584137
0.6324717998504639
0.7140050530433655
0.5778095722198486
0.7273942828178406
0.6322947144508362
0.7537311911582947
0.590410053730011
0.7406670451164246
0.0
0.0
0.5874989628791809
0.7864893078804016
0.6125704646110535
0.7955055236816406
0.5921429991722107
0.8461567163467407
0.6398957967758179
0.8611200451850891
0.5695650577545166
0.8960093259811401
0.6521021723747253
0.9079127311706543
0.0
0.0
0.0
0.0
0.0
0.0
0.5963655114173889
0.6659218668937683
0.6134096384048462
0.6716457605361938
0.5833208560943604
0.6958369612693787
0.6161908507347107
0.7133834958076477
0.5579615831375122
0.7276021242141724
0.6200692057609558
0.7690443396568298
0.5735905170440674
0.7464258074760437
0.6110303401947021
0.7973646521568298
0.5758101344108582
0.7882762551307678
0.6027856469154358
0.7961316108703613
0.5699740648269653
0.8613020181655884
0.625476598739624
0.8678099513053894
0.550176739692688
0.9247773885726929
0.6435114741325378
0.9253255128860474
0.0
0.0
0.0
0.0
0.0
0.0
0.5736219882965088
0.6394604444503784
0.5903574824333191
0.6421921253204346
0.5596210956573486
0.6712162494659424
0.5930386781692505
0.6836887001991272
0.5367979407310486
0.6957778334617615
0.5944563150405884
0.7427546977996826
0.5316808223724365
0.7099376916885376
0.6020665764808655
0.7758567333221436
0.5546225309371948
0.7652323246002197
0.5769426226615906
0.7682772278785706
0.5546071529388428
0.8381875157356262
0.585770308971405
0.8367000818252563
0.547407329082489
0.9074797630310059
0.5828118920326233
0.8997173309326172
0.0
0.0
0.0
0.0
0.0
0.0
0.5686017870903015
0.6305527091026306
0.5857002139091492
0.6364886164665222
0.5543787479400635
0.6611984968185425
0.5869091153144836
0.678027331829071
0.5327437520027161
0.6924883723258972
0.5909243226051331
0.7373526692390442
0.5266591310501099
0.7086395025253296
0.5986239314079285
0.7702042460441589
0.5488520264625549
0.7586390972137451
0.5704902410507202
0.7652944922447205
0.546375572681427
0.8367205858230591
0.5750219821929932
0.842799723148346
0.5438010096549988
0.9090482592582703
0.5705915093421936
0.9125196933746338
0.0
0.0
0.0
0.0
0.0
0.0
0.554937481880188
0.6268444061279297
0.5722249150276184
0.6321114897727966
0.5413423776626587
0.6556434631347656
0.5774234533309937
0.6684946417808533
0.5200575590133667
0.6969432830810547
0.5806562304496765
0.7242664098739624
0.5148656964302063
0.7175811529159546
0.5852015018463135
0.75717693567276
0.5351091027259827
0.7504943013191223
0.5582538843154907
0.7560768723487854
0.5335080027580261
0.825573742389679
0.5524974465370178
0.8372977375984192
0.5244157314300537
0.8949936032295227
0.5386512279510498
0.9103301763534546
0.0
0.0
0.0
0.0
0.0
0.0
0.5425111055374146
0.6377326846122742
0.560049295425415
0.6465612649917603
0.5274118781089783
0.6677576303482056
0.5661870241165161
0.6850273013114929
0.5078405737876892
0.7156552076339722
0.5653477907180786
0.7358336448669434
0.509576678276062
0.7246668338775635
0.5547503232955933
0.7488405108451843
0.5200244784355164
0.7649229168891907
0.5464794039726257
0.7744091749191284
0.514105498790741
0.8206445574760437
0.5415258407592773
0.8500699996948242
0.49944743514060974
0.8765668869018555
0.528897225856781
0.925242006778717
0.6543031334877014
0.7093439102172852
0.0
0.0
0.6529760956764221
0.7055990695953369
0.0
0.0
0.6471086740493774
0.7027959227561951
0.6303015351295471
0.7183922529220581
0.6352607011795044
0.7248944044113159
0.0
0.0
0.626989483833313
0.7685865759849548
0.0
0.0
0.6462289094924927
0.7957701683044434
0.6123947501182556
0.7970651984214783
0.6216080784797668
0.8025880455970764
0.6186343431472778
0.8406769037246704
0.6573782563209534
0.8490842580795288
0.5921509265899658
0.8764116168022156
0.6734460592269897
0.8915969133377075
0.0
0.0
0.0
0.0
0.0
0.0
0.0
0.0
0.5429544448852539
0.6410602331161499
0.512734591960907
0.6588668823242188
0.5466801524162292
0.6795951128005981
0.49147745966911316
0.6924473643302917
0.5507204532623291
0.7308316826820374
0.4902515411376953
0.7200599908828735
0.5511919260025024
0.7649704813957214
0.5052956342697144
0.7532076239585876
0.5288155674934387
0.7637389302253723
0.5007654428482056
0.813474178314209
0.5338504314422607
0.8351589441299438
0.4889354109764099
0.8598304986953735
0.5294367074966431
0.8895166516304016
0.0
0.0
0.0
0.0
0.0
0.0
0.0
0.0
0.5367653965950012
0.6307923197746277
0.5074805617332458
0.6510017514228821
0.5403521060943604
0.6676455736160278
0.48901697993278503
0.6834314465522766
0.5435255169868469
0.7191338539123535
0.476978600025177
0.7128993272781372
0.5449146032333374
0.7526141405105591
0.5021394491195679
0.7433710098266602
0.5255905985832214
0.7506294250488281
0.49233341217041016
0.8024744391441345
0.531862735748291
0.8121250867843628
0.492233008146286
0.8598760366439819
0.5332479476928711
0.8704098463058472
0.0
0.0
0.0
0.0
0.0
0.0
0.0
0.0
0.5344690084457397
0.6265293955802917
0.5057336091995239
0.6459029316902161
0.5390965938568115
0.6640359163284302
0.48741206526756287
0.6803705096244812
0.5444352030754089
0.7177361249923706
0.47599270939826965
0.7112763524055481
0.5424007773399353
0.7445957660675049
0.5001473426818848
0.7389959096908569
0.5253216624259949
0.7467635273933411
0.4865878224372864
0.7858232259750366
0.535333514213562
0.7965519428253174
0.4861985146999359
0.8516761064529419
0.5451223850250244
0.8625978231430054
0.0
0.0
0.0
0.0
0.0
0.0
0.5129733085632324
0.6277982592582703
0.5294544696807861
0.6305132508277893
0.5039302110671997
0.6545016765594482
0.5365776419639587
0.6682177782058716
0.48950672149658203
0.6869922876358032
0.5428194403648376
0.7246387600898743
0.4786023497581482
0.7188712954521179
0.5411183834075928
0.7416790723800659
0.5001055598258972
0.7494667768478394
0.5264344811439514
0.7521961331367493
0.4789491593837738
0.7925704717636108
0.5362502932548523
0.7883746027946472
0.47042667865753174
0.8554001450538635
0.5514706969261169
0.8378172516822815
0.0
0.0
0.0
0.0
0.0
0.0
0.5130202770233154
0.641901969909668
0.52933269739151
0.6441605687141418
0.5027459859848022
0.6720559597015381
0.5360450744628906
0.6788527965545654
0.48947760462760925
0.7152199745178223
0.542517900466919
0.7298385500907898
0.48335176706314087
0.7473099231719971
0.5432936549186707
0.7492674589157104
0.5031120777130127
0.7601879835128784
0.5295099020004272
0.7615734934806824
0.48089590668678284
0.7914289832115173
0.5398427248001099
0.7892385721206665
0.46729782223701477
0.858469545841217
0.5501593351364136
0.8479232788085938
0.0
0.0
0.0
0.0
0.0
0.0
0.5290781855583191
0.6396395564079285
0.5463191270828247
0.6419681906700134
0.518128514289856
0.6699806451797485
0.5535942912101746
0.6768240332603455
0.5052865147590637
0.7155321836471558
0.5630056858062744
0.7273215651512146
0.4990730285644531
0.7481346130371094
0.5691283941268921
0.7513087391853333
0.5122219920158386
0.7592480182647705
0.5398204922676086
0.7612116932868958
0.4888799786567688
0.7949720621109009
0.5521204471588135
0.7989329099655151
0.4708833694458008
0.8562837839126587
0.5550969243049622
0.8567231893539429
0.0
0.0
0.0
0.0
0.0
0.0
0.5451596975326538
0.6288784742355347
0.5610150694847107
0.633331298828125
0.534660279750824
0.6561558246612549
0.5679199695587158
0.6678908467292786
0.5178024768829346
0.6944514513015747
0.5744902491569519
0.7169034481048584
0.507340133190155
0.7179930210113525
0.5808814764022827
0.7408583760261536
0.5267217755317688
0.7438650727272034
0.5518922209739685
0.7484506368637085
0.5070316195487976
0.7940207123756409
0.5581804513931274
0.8047005534172058
0.48543235659599304
0.8443520665168762
0.5506155490875244
0.8585755825042725
0.0
0.0
0.0
0.0
0.0
0.0
0.0
0.0
0.5892197489738464
0.6191600561141968
0.561931312084198
0.6384817957878113
0.5912647843360901
0.6543169021606445
0.5393454432487488
0.6692944765090942
0.5919711589813232
0.7001202702522278
0.5422636866569519
0.6853944659233093
0.0
0.0
0.5541279315948486
0.7260653972625732
0.573033332824707
0.733748733997345
0.5562064051628113
0.7818214893341064
0.5726180672645569
0.793220579624176
0.551077127456665
0.8363579511642456
0.5668858885765076
0.8474233150482178
0.0
0.0
0.0
0.0
0.0
0.0
0.0
0.0
0.6051645874977112
0.6279816031455994
0.5755389332771301
0.6412009000778198
0.6064778566360474
0.6532402038574219
0.5557366609573364
0.6694308519363403
0.6072255373001099
0.6897931098937988
0.5556250214576721
0.6816781163215637
0.0
0.0
0.57012939453125
0.7186331748962402
0.591063916683197
0.7241137623786926
0.5600477457046509
0.7642761468887329
0.5877962708473206
0.7737019658088684
0.0
0.0
0.0
0.0
0.0
0.0
0.0
0.0
0.0
0.0
0.0
0.0
0.5819829702377319
0.6964488625526428
0.5600163340568542
0.7305335402488708
0.589289665222168
0.731554388999939
0.5494108200073242
0.7701247930526733
0.5977544784545898
0.7751191258430481
0.5389906167984009
0.8043825030326843
0.6027725338935852
0.8131253719329834
0.5680829286575317
0.8138975501060486
0.5854730606079102
0.8150697350502014
0.5713796019554138
0.8804983496665955
0.5814067721366882
0.8822805881500244
0.0
0.0
0.0
0.0
0.0
0.0
0.0
0.0
0.0
0.0
0.0
0.0
0.5711134672164917
0.6917319893836975
0.5485347509384155
0.7218659520149231
0.5764359831809998
0.7284131050109863
0.5353942513465881
0.7611411213874817
0.5836896300315857
0.7748274207115173
0.5290374755859375
0.7965876460075378
0.5865365862846375
0.8068309426307678
0.5456250309944153
0.8016122579574585
0.5657765865325928
0.804715633392334
0.5370290279388428
0.8553300499916077
0.5695135593414307
0.8631542921066284
0.5205756425857544
0.8948916792869568
0.5694884061813354
0.9048027992248535
0.0
0.0
0.0
0.0
0.0
0.0
0.0
0.0
0.6593227982521057
0.6815149784088135
0.6433942914009094
0.6855038404464722
0.6460850834846497
0.7154316306114197
0.6504482626914978
0.692062497138977
0.6340863704681396
0.761428952217102
0.6577039361000061
0.6913108825683594
0.6259512305259705
0.8130715489387512
0.6186568140983582
0.7684756517410278
0.6268532872200012
0.7841878533363342
0.6124210357666016
0.8231656551361084
0.6492615342140198
0.8553688526153564
0.5875459313392639
0.8667569756507874
0.6612249612808228
0.9161995649337769
0.5633452534675598
0.6674813628196716
0.0
0.0
0.5603578686714172
0.6626096367835999
0.0
0.0
0.5528339147567749
0.6645976305007935
0.5323851704597473
0.6902426481246948
0.5569466948509216
0.6993857026100159
0.5237246751785278
0.7249466180801392
0.5593463182449341
0.7446163892745972
0.5377214550971985
0.7351357340812683
0.5639742016792297
0.765238344669342
0.530811607837677
0.7739866375923157
0.5497663021087646
0.7792901992797852
0.5233750939369202
0.8347615599632263
0.5581396818161011
0.843396008014679
0.5161530375480652
0.887632429599762
0.5553774237632751
0.9015989303588867
0.7103291749954224
0.7271223068237305
0.0
0.0
0.7086202502250671
0.7208452224731445
0.0
0.0
0.6990416049957275
0.7171712517738342
0.6900425553321838
0.733659029006958
0.681582510471344
0.7399672865867615
0.0
0.0
0.6651979088783264
0.7912771701812744
0.0
0.0
0.6620913147926331
0.8460568785667419
0.6601125597953796
0.7947319746017456
0.6541799902915955
0.7990238666534424
0.6810588240623474
0.86461341381073
0.6720865964889526
0.8738465905189514
0.6657463908195496
0.9287033677101135
0.6627881526947021
0.9466944932937622
0.5575348138809204
0.6641165018081665
0.0
0.0
0.5551663637161255
0.6589764356613159
0.0
0.0
0.5456492304801941
0.6582108736038208
0.5458530187606812
0.6855514049530029
0.537143886089325
0.6859949827194214
0.5481938719749451
0.7272944450378418
0.543597400188446
0.7277024984359741
0.5579631328582764
0.7374951243400574
0.556808352470398
0.7326730489730835
0.539110541343689
0.762866735458374
0.5310261845588684
0.764129102230072
0.5463319420814514
0.8211480975151062
0.5257043838500977
0.8247417211532593
0.5427637696266174
0.8724056482315063
0.5151062607765198
0.8795364499092102
0.7490041851997375
0.7552122473716736
0.0
0.0
0.7472209930419922
0.7485776543617249
0.0
0.0
0.7372007369995117
0.7453787326812744
0.7295000553131104
0.7654173374176025
0.7155959010124207
0.763720691204071
0.7152929306030273
0.8064756989479065
0.6921921968460083
0.807657778263092
0.7176714539527893
0.8457556962966919
0.6980932354927063
0.8528667688369751
0.6992250680923462
0.8290002942085266
0.6859250664710999
0.8281288743019104
0.7247108817100525
0.9015743732452393
0.6906713247299194
0.8970524668693542
0.7378581166267395
0.9675309062004089
0.6699281334877014
0.962252140045166
0.5588526129722595
0.6582801938056946
0.0
0.0
0.557003378868103
0.6532140374183655
0.0
0.0
0.5478982925415039
0.6522319912910461
0.5353611707687378
0.6697936058044434
0.5417177081108093
0.6826092600822449
0.5175439715385437
0.6986380815505981
0.5456258058547974
0.7316892743110657
0.5265397429466248
0.7112686038017273
0.5630471706390381
0.7411739826202393
0.5251837968826294
0.7474300861358643
0.5260336995124817
0.7523829936981201
0.5348822474479675
0.7999632358551025
0.5163169503211975
0.802968442440033
0.5256602764129639
0.8608165979385376
0.5072029232978821
0.8601108193397522
0.7678850889205933
0.8086973428726196
0.7693415284156799
0.8022866249084473
0.7648259401321411
0.8025693297386169
0.0
0.0
0.7551718950271606
0.7991364598274231
0.7661582231521606
0.8129518628120422
0.7343912720680237
0.8189780116081238
0.7750399708747864
0.846038818359375
0.7145175933837891
0.865596354007721
0.7799153923988342
0.8715143799781799
0.7317846417427063
0.8935850262641907
0.7321624159812927
0.8650906085968018
0.7094852328300476
0.8688854575157166
0.7572962641716003
0.9210349917411804
0.7228910326957703
0.9328100085258484
0.7579485774040222
0.991775393486023
0.711983859539032
1.0
0.5523419976234436
0.6532214283943176
0.0
0.0
0.5506083965301514
0.6484529972076416
0.0
0.0
0.5426391363143921
0.6487025022506714
0.5200521349906921
0.6643308401107788
0.541921854019165
0.6856646537780762
0.5058335065841675
0.6831112504005432
0.5465704202651978
0.7313089966773987
0.5039111375808716
0.7200031280517578
0.5572462677955627
0.7495841979980469
0.5103626847267151
0.7449959516525269
0.5277243852615356
0.7529903650283813
0.5001168251037598
0.7982264161109924
0.5382360816001892
0.8052942156791687
0.4879978895187378
0.8587313890457153
0.5416011810302734
0.8596567511558533
0.7719408273696899
0.8386778235435486
0.0
0.0
0.7710306644439697
0.8338080644607544
0.0
0.0
0.7661807537078857
0.8298319578170776
0.7467149496078491
0.8229588270187378
0.7533156275749207
0.8549675941467285
0.7329579591751099
0.8324145674705505
0.7557554841041565
0.9133404493331909
0.7368345856666565
0.8615012168884277
0.7804468274116516
0.9540817737579346
0.703967273235321
0.8778505921363831
0.7053320407867432
0.891879141330719
0.7449535727500916
0.9456894397735596
0.7453687191009521
0.9621202349662781
0.0
0.0
0.735962450504303
1.0
0.5426055192947388
0.6477293968200684
0.0
0.0
0.5402666330337524
0.6428758502006531
0.0
0.0
0.533047080039978
0.6449291706085205
0.5089934468269348
0.6627939939498901
0.5345182418823242
0.6773489713668823
0.49322500824928284
0.6907526254653931
0.5395229458808899
0.7223362922668457
0.4937344491481781
0.7295828461647034
0.5476555228233337
0.7475734949111938
0.5008485913276672
0.742034375667572
0.5206271409988403
0.7479099035263062
0.49072614312171936
0.7983346581459045
0.5337817668914795
0.802388608455658
0.47956132888793945
0.8636257648468018
0.5416558980941772
0.862377941608429
0.0
0.0
0.0
0.0
0.0
0.0
0.7354544997215271
0.7798427939414978
0.7514528632164001
0.7939929366111755
0.7187476754188538
0.79621422290802
0.7456853985786438
0.8334494233131409
0.6799420714378357
0.8024916052818298
0.7313474416732788
0.8851848840713501
0.661415159702301
0.828887403011322
0.7179482579231262
0.9138600826263428
0.6853914260864258
0.8890561461448669
0.702132523059845
0.907169759273529
0.7193239331245422
0.9336146116256714
0.7404029369354248
0.9671366214752197
0.7018709778785706
0.9767926335334778
0.7337749004364014
1.0
0.0
0.0
0.0
0.0
0.0
0.0
0.5028693675994873
0.6651704907417297
0.5178291201591492
0.6661539077758789
0.49381980299949646
0.6954401731491089
0.5237597227096558
0.7001771926879883
0.4812184274196625
0.7323309779167175
0.5306872129440308
0.7432299852371216
0.47375139594078064
0.7612379193305969
0.5296834707260132
0.7566933631896973
0.4925241470336914
0.7725105285644531
0.517554521560669
0.7731962203979492
0.472954660654068
0.8061156272888184
0.5321816802024841
0.8054818511009216
0.45942479372024536
0.8642410635948181
0.5426604151725769
0.8585357666015625
0.0
0.0
0.0
0.0
0.0
0.0
0.6830955743789673
0.7497550249099731
0.7010946273803711
0.7580116987228394
0.673396646976471
0.776427686214447
0.7065037488937378
0.8052109479904175
0.6449530124664307
0.8010010719299316
0.7074283361434937
0.8566263914108276
0.6198189854621887
0.8312556147575378
0.6954444050788879
0.8672667145729065
0.6619840264320374
0.8746004104614258
0.6878244876861572
0.8887351751327515
0.6567930579185486
0.9277095198631287
0.7116986513137817
0.9558989405632019
0.6324661374092102
0.9760909676551819
0.7218739986419678
1.0
0.0
0.0
0.0
0.0
0.0
0.0
0.520354151725769
0.6699240803718567
0.536254346370697
0.6702494621276855
0.5139163732528687
0.7005487680435181
0.5415810942649841
0.7028694152832031
0.5112991333007812
0.7350103259086609
0.5544675588607788
0.7419183850288391
0.0
0.0
0.5639660954475403
0.7628713250160217
0.5099327564239502
0.7760554552078247
0.5337679982185364
0.7763426303863525
0.4865407943725586
0.8134493231773376
0.5504358410835266
0.8135648369789124
0.4645455777645111
0.8639046549797058
0.560180127620697
0.8621054887771606
0.0
0.0
0.0
0.0
0.0
0.0
0.6224790215492249
0.7296109795570374
0.6412969827651978
0.7297650575637817
0.6109176874160767
0.7678115367889404
0.6531144380569458
0.7718399167060852
0.5910046696662903
0.8084730505943298
0.6647307276725769
0.8285113573074341
0.5797105431556702
0.8313843607902527
0.673725962638855
0.8706667423248291
0.618459165096283
0.8758587837219238
0.648326575756073
0.8772008419036865
0.6124283075332642
0.9409838914871216
0.6682633757591248
0.9443066120147705
0.6154436469078064
0.9917957186698914
0.0
0.0
0.0
0.0
0.0
0.0
0.0
0.0
0.0
0.0
0.5683686137199402
0.6487399339675903
0.5498114824295044
0.67678302526474
0.5701401233673096
0.6799272298812866
0.5512115359306335
0.7129945158958435
0.576951265335083
0.7206174731254578
0.0
0.0
0.586387038230896
0.7467907667160034
0.5481453537940979
0.7522881627082825
0.5616664290428162
0.7537945508956909
0.5487769246101379
0.8076159954071045
0.5585299134254456
0.8096506595611572
0.5468747019767761
0.8580844402313232
0.5518518090248108
0.8625279068946838
0.0
0.0
0.0
0.0
0.0
0.0
0.5850734114646912
0.6883590817451477
0.6021776795387268
0.6880621910095215
0.5744624733924866
0.7239106893539429
0.6137102246284485
0.7247337102890015
0.5631592869758606
0.7590882778167725
0.6292069554328918
0.7783523797988892
0.5654698610305786
0.7592422366142273
0.6348134279251099
0.8137375712394714
0.5837891697883606
0.8284619450569153
0.6078515648841858
0.827547550201416
0.5891838669776917
0.9102128744125366
0.6059636473655701
0.9041423797607422
0.602003812789917
0.984639048576355
0.607362687587738
0.9777780175209045
0.0
0.0
0.0
0.0
0.0
0.0
0.5735927224159241
0.676462709903717
0.5898704528808594
0.6776426434516907
0.56314617395401
0.7098466753959656
0.5988633036613464
0.7162368893623352
0.5499421954154968
0.7453081011772156
0.6106742024421692
0.7709071040153503
0.5557506680488586
0.7498568892478943
0.6147670149803162
0.8045674562454224
0.5694376826286316
0.8096703290939331
0.5911962985992432
0.8123697638511658
0.5740048885345459
0.8850250244140625
0.5866756439208984
0.8857977986335754
0.5850140452384949
0.9590112566947937
0.5850096344947815
0.9590891599655151
0.0
0.0
0.0
0.0
0.0
0.0
0.5525087118148804
0.6603181958198547
0.568935215473175
0.6645258665084839
0.5413588285446167
0.6963722705841064
0.5768282413482666
0.7041917443275452
0.5310620665550232
0.7464685440063477
0.5847476124763489
0.7587507367134094
0.5416057705879211
0.7596657276153564
0.5877983570098877
0.7889580726623535
0.5406590700149536
0.796567440032959
0.5647764801979065
0.8017109036445618
0.5283052325248718
0.8658983111381531
0.5567576289176941
0.8832588791847229
0.5329492092132568
0.9150478839874268
0.5566834211349487
0.9442107081413269
0.0
0.0
0.0
0.0
0.0
0.0
0.5494124889373779
0.6505006551742554
0.5650397539138794
0.6531491875648499
0.5391423106193542
0.6846684813499451
0.5733441114425659
0.6905093789100647
0.5270251035690308
0.7367605566978455
0.5798139572143555
0.7505353093147278
0.5269631147384644
0.7504287362098694
0.5784308314323425
0.7852923274040222
0.5401325821876526
0.7839716076850891
0.5637722611427307
0.7866339683532715
0.5260273218154907
0.8575303554534912
0.5572381615638733
0.8614888787269592
0.5270994305610657
0.9059104323387146
0.5604916214942932
0.913407027721405
0.0
0.0
0.0
0.0
0.0
0.0
0.5387547612190247
0.6315906047821045
0.5552312135696411
0.6355843544006348
0.528392493724823
0.6640216708183289
0.562488853931427
0.6731918454170227
0.5150311589241028
0.7056134343147278
0.5680485367774963
0.7285388708114624
0.5069506764411926
0.733030378818512
0.5686780214309692
0.7671642899513245
0.5289753079414368
0.7562320232391357
0.5532653331756592
0.7587389945983887
0.5135340690612793
0.818540632724762
0.5501312017440796
0.8243928551673889
0.5003117322921753
0.8771024942398071
0.5426255464553833
0.8857394456863403
