[[          0           0]
 [          0           0]
 [          0           0]
 [          0           0]
 [    0.45322         0.6]
 [    0.43245     0.62433]
 [    0.45929     0.63252]
 [    0.41702     0.64627]
 [    0.47114     0.67048]
 [    0.40725     0.66164]
 [    0.47918     0.69737]
 [    0.43304     0.69905]
 [    0.45186     0.70248]
 [     0.4243     0.74939]
 [    0.45929     0.75253]
 [    0.41681      0.8024]
 [    0.46217     0.80506]]
[[          0           0]
 [          0           0]
 [          0           0]
 [          0           0]
 [    0.46322     0.60175]
 [     0.4407     0.62837]
 [    0.46931     0.63342]
 [    0.42491     0.65204]
 [    0.48119     0.67381]
 [    0.42282     0.66213]
 [    0.49191     0.69964]
 [    0.44452     0.70849]
 [    0.46199     0.70934]
 [    0.44499     0.76245]
 [    0.46305     0.75683]
 [    0.45107     0.81282]
 [     0.4633     0.80279]]
[[          0           0]
 [          0           0]
 [          0           0]
 [          0           0]
 [    0.46753     0.60436]
 [    0.44677     0.63086]
 [    0.47368     0.63935]
 [    0.43216     0.65582]
 [    0.48412     0.68212]
 [     0.4329     0.65955]
 [    0.49738     0.70462]
 [    0.45254     0.71096]
 [    0.46803     0.71473]
 [    0.45605      0.7672]
 [    0.46384     0.76974]
 [    0.46823     0.81762]
 [    0.46483     0.82085]]
[[          0           0]
 [          0           0]
 [          0           0]
 [          0           0]
 [    0.47522     0.61005]
 [    0.45657     0.63792]
 [    0.48101      0.6437]
 [    0.44095      0.6672]
 [    0.49082     0.68487]
 [    0.44218     0.67241]
 [    0.50535     0.71201]
 [    0.46238       0.722]
 [    0.47609     0.72533]
 [    0.46755     0.78038]
 [    0.47315     0.78182]
 [     0.4758      0.8311]
 [    0.47322     0.83328]]
[[          0           0]
 [          0           0]
 [          0           0]
 [          0           0]
 [    0.48072     0.60798]
 [    0.45972     0.63717]
 [    0.48598     0.64065]
 [    0.44522     0.67014]
 [    0.49661     0.68022]
 [    0.44052     0.69356]
 [    0.50793     0.70626]
 [    0.46647     0.72384]
 [    0.48246      0.7249]
 [       0.47     0.78403]
 [    0.48216     0.78077]
 [    0.47619     0.83807]
 [    0.48361     0.83229]]
[[    0.49613     0.60608]
 [          0           0]
 [    0.49398     0.60084]
 [          0           0]
 [    0.48782     0.60521]
 [    0.46752     0.63517]
 [    0.49633     0.63862]
 [    0.45397     0.66559]
 [    0.50699     0.68049]
 [    0.44741     0.69957]
 [    0.51742     0.70979]
 [    0.47439     0.71942]
 [    0.49316     0.71959]
 [    0.47366     0.78446]
 [    0.49683     0.77461]
 [    0.47476     0.84845]
 [    0.50202     0.82788]]
[[          0           0]
 [          0           0]
 [          0           0]
 [     0.4806     0.61782]
 [     0.4956     0.61661]
 [    0.47334     0.64768]
 [    0.50256     0.64658]
 [    0.45991     0.68067]
 [    0.51313     0.68334]
 [    0.45494     0.70856]
 [    0.52243     0.71152]
 [    0.47896     0.72911]
 [     0.5011     0.72774]
 [    0.46934     0.78792]
 [    0.51255     0.78111]
 [    0.46524     0.84781]
 [    0.52674     0.83578]]
[[          0           0]
 [          0           0]
 [          0           0]
 [    0.48939     0.64963]
 [    0.50364     0.64843]
 [    0.48327     0.68009]
 [    0.51086     0.67888]
 [    0.47725     0.72007]
 [    0.52271     0.71933]
 [     0.4734      0.7523]
 [    0.53207     0.74248]
 [     0.4882     0.75511]
 [    0.51168     0.75415]
 [    0.47233     0.80028]
 [    0.53124     0.79493]
 [    0.46246     0.85498]
 [    0.54732      0.8439]]
[[          0           0]
 [          0           0]
 [          0           0]
 [    0.50342     0.66253]
 [    0.51907     0.66218]
 [    0.49504     0.69389]
 [    0.52631     0.69162]
 [    0.48934     0.73501]
 [    0.53763     0.73092]
 [    0.49675     0.74425]
 [    0.54423     0.74655]
 [    0.49603     0.76625]
 [    0.52199     0.76585]
 [    0.47905     0.80063]
 [    0.54279      0.8014]
 [    0.46454     0.85538]
 [    0.54956     0.85794]]
[[          0           0]
 [          0           0]
 [          0           0]
 [    0.53826     0.66216]
 [    0.55066     0.66572]
 [    0.53331     0.69277]
 [    0.55349      0.7004]
 [    0.52034     0.73167]
 [          0           0]
 [    0.52543     0.74714]
 [          0           0]
 [    0.52467     0.76667]
 [    0.54307     0.77165]
 [    0.50798     0.80329]
 [    0.55552     0.82043]
 [     0.4784     0.84958]
 [    0.55858     0.87397]]
[[     0.6893     0.87165]
 [    0.69211     0.86638]
 [    0.68644     0.86615]
 [          0           0]
 [          0           0]
 [    0.70528     0.90381]
 [    0.67122     0.90272]
 [    0.71087     0.95379]
 [    0.66818     0.95232]
 [    0.71299     0.99591]
 [     0.6721     0.99088]
 [    0.69984      0.9925]
 [    0.67734     0.99232]
 [          0           0]
 [          0           0]
 [          0           0]
 [          0           0]]
[[    0.68968     0.87002]
 [    0.69239     0.86465]
 [    0.68669     0.86455]
 [          0           0]
 [          0           0]
 [    0.70468     0.90362]
 [    0.67166     0.90266]
 [    0.71038     0.95324]
 [     0.6684     0.95118]
 [    0.71261     0.99455]
 [    0.67204     0.98751]
 [    0.69913      0.9919]
 [    0.67738     0.99182]
 [          0           0]
 [          0           0]
 [          0           0]
 [          0           0]]
[[          0           0]
 [          0           0]
 [          0           0]
 [          0           0]
 [          0           0]
 [    0.70515     0.90538]
 [    0.67149     0.90453]
 [    0.71069     0.95519]
 [    0.66756     0.95354]
 [    0.71238     0.99868]
 [    0.67291     0.99256]
 [    0.69904     0.99483]
 [    0.67676     0.99474]
 [          0           0]
 [          0           0]
 [          0           0]
 [          0           0]]
[[    0.69011     0.89644]
 [    0.69304     0.89222]
 [    0.68801       0.892]
 [    0.69807      0.8951]
 [          0           0]
 [    0.70476     0.92197]
 [    0.67781     0.92136]
 [    0.71045     0.95809]
 [    0.67271     0.95749]
 [    0.71086      0.9894]
 [    0.67323     0.98877]
 [    0.69806     0.99079]
 [    0.68037     0.99024]
 [          0           0]
 [          0           0]
 [          0           0]
 [          0           0]]
[[    0.67431     0.73119]
 [          0           0]
 [      0.673     0.72681]
 [          0           0]
 [    0.66661     0.72277]
 [    0.65131     0.72094]
 [    0.65302     0.75517]
 [    0.63665     0.69655]
 [    0.64592     0.78995]
 [    0.63209     0.67903]
 [    0.65898     0.82064]
 [     0.6353      0.8137]
 [    0.64261     0.83146]
 [    0.63152     0.84531]
 [    0.67585     0.87944]
 [    0.59291     0.87821]
 [    0.69917     0.92973]]
[[    0.70079     0.76453]
 [          0           0]
 [    0.70029       0.761]
 [          0           0]
 [    0.69585     0.76016]
 [    0.66991     0.75916]
 [     0.6832     0.78967]
 [    0.64421     0.74763]
 [    0.68301     0.83615]
 [     0.6254     0.73439]
 [    0.70584     0.85458]
 [    0.65127     0.84249]
 [    0.66183     0.85684]
 [    0.66465     0.86106]
 [    0.70426     0.87614]
 [    0.65582     0.93016]
 [     0.7143     0.94288]]
[[    0.71089     0.77759]
 [          0           0]
 [    0.70953     0.77377]
 [          0           0]
 [    0.70344     0.77206]
 [    0.67581     0.77111]
 [    0.69759     0.80198]
 [    0.65485     0.77307]
 [    0.71678     0.84537]
 [    0.65894     0.78069]
 [    0.73669     0.85997]
 [    0.64765     0.85036]
 [    0.66241     0.86518]
 [    0.67362     0.85229]
 [    0.70761     0.87335]
 [    0.65973     0.91874]
 [     0.7135     0.94348]]
[[          0           0]
 [          0           0]
 [          0           0]
 [    0.68321     0.74654]
 [    0.69636     0.75694]
 [    0.66755     0.76239]
 [    0.69347     0.78725]
 [    0.64642     0.77813]
 [    0.69734     0.83288]
 [    0.65083     0.78992]
 [     0.7047     0.86334]
 [     0.6496     0.84385]
 [    0.67078     0.85635]
 [    0.65275     0.85455]
 [    0.70737      0.8771]
 [    0.63498     0.90463]
 [    0.71211     0.93722]]
[[          0           0]
 [          0           0]
 [          0           0]
 [    0.66585     0.72747]
 [    0.67954     0.73363]
 [    0.65173     0.75165]
 [    0.68099     0.76851]
 [    0.63117     0.77746]
 [    0.68442     0.81914]
 [    0.63993     0.79102]
 [    0.68949     0.85842]
 [    0.64128     0.83868]
 [    0.66467     0.84729]
 [    0.64522      0.8659]
 [      0.699     0.88131]
 [     0.6304     0.91484]
 [    0.70924     0.93819]]
[[          0           0]
 [          0           0]
 [          0           0]
 [    0.63704     0.70498]
 [    0.65236     0.70565]
 [    0.62702     0.73479]
 [    0.65508     0.73774]
 [    0.61065     0.76716]
 [    0.66436     0.77934]
 [    0.62038      0.7801]
 [    0.67424     0.81012]
 [     0.6273     0.81723]
 [    0.64754     0.81913]
 [    0.62866     0.87544]
 [    0.66366     0.87561]
 [    0.62635     0.92905]
 [    0.67208     0.92886]]
[[          0           0]
 [          0           0]
 [          0           0]
 [    0.62464     0.68717]
 [    0.64043     0.68796]
 [    0.61355     0.71902]
 [    0.64383     0.72309]
 [    0.59648     0.74991]
 [    0.65571     0.76542]
 [    0.60749     0.76232]
 [    0.66705     0.79506]
 [     0.6128     0.80239]
 [    0.63312     0.80506]
 [    0.62153      0.8624]
 [    0.65097      0.8658]
 [    0.61912     0.91307]
 [    0.65461     0.91711]]
[[          0           0]
 [          0           0]
 [          0           0]
 [    0.60529     0.67129]
 [    0.62204     0.67235]
 [    0.59767     0.70336]
 [    0.62796     0.70778]
 [    0.58419     0.74123]
 [    0.64121     0.75437]
 [     0.5861      0.7717]
 [    0.65294     0.78762]
 [    0.59859     0.78994]
 [    0.61664     0.79124]
 [     0.6041      0.8557]
 [    0.61623     0.85783]
 [    0.60637     0.89975]
 [    0.61251     0.90113]]
[[          0           0]
 [          0           0]
 [          0           0]
 [    0.59036     0.67762]
 [    0.60736     0.67745]
 [    0.58376     0.70963]
 [    0.61438     0.71161]
 [    0.56987     0.74234]
 [    0.62652     0.75389]
 [    0.57805     0.75501]
 [    0.63677     0.78893]
 [    0.58702     0.78935]
 [    0.60628     0.78951]
 [     0.5825     0.84897]
 [    0.60101     0.85236]
 [    0.57942     0.89545]
 [    0.59454     0.90295]]
[[    0.69136     0.86813]
 [    0.69383     0.86262]
 [    0.68798     0.86254]
 [          0           0]
 [    0.68073     0.86633]
 [    0.70417     0.90368]
 [     0.6695     0.90306]
 [    0.71017     0.95415]
 [    0.66634     0.95358]
 [    0.71164     0.99618]
 [    0.67166     0.99084]
 [    0.69923     0.99184]
 [    0.67625     0.99238]
 [          0           0]
 [          0           0]
 [          0           0]
 [          0           0]]
[[    0.68401     0.86501]
 [    0.68725     0.85927]
 [    0.68109     0.85953]
 [          0           0]
 [          0           0]
 [     0.7034       0.904]
 [    0.66952     0.90398]
 [    0.71082     0.95464]
 [    0.66592     0.95304]
 [    0.71192     0.99593]
 [    0.66903     0.98906]
 [    0.69791     0.99209]
 [    0.67552     0.99194]
 [          0           0]
 [          0           0]
 [          0           0]
 [          0           0]]
[[     0.6801     0.89567]
 [    0.68275     0.88873]
 [    0.67723      0.8902]
 [    0.69005     0.88242]
 [          0           0]
 [    0.70253      0.9055]
 [    0.66978      0.9067]
 [    0.71097     0.95622]
 [    0.66411     0.94832]
 [    0.71169     0.99833]
 [    0.66417     0.97356]
 [    0.69607     0.99163]
 [    0.67501     0.99094]
 [          0           0]
 [          0           0]
 [          0           0]
 [          0           0]]
[[    0.56812      0.6779]
 [          0           0]
 [    0.56499     0.67335]
 [          0           0]
 [    0.55827       0.678]
 [    0.53581     0.70313]
 [    0.56384     0.71179]
 [    0.52359     0.73762]
 [    0.56931     0.75517]
 [    0.53418     0.76441]
 [     0.5756     0.78903]
 [    0.53391     0.78878]
 [    0.55432     0.79357]
 [    0.52537     0.84388]
 [    0.56061     0.85452]
 [      0.516     0.88943]
 [    0.55861     0.90742]]
[[    0.56113     0.66693]
 [          0           0]
 [    0.55796     0.66159]
 [          0           0]
 [     0.5495     0.66281]
 [    0.53116     0.68816]
 [    0.55331     0.69575]
 [    0.52544     0.72038]
 [    0.55607     0.73945]
 [          0           0]
 [    0.56486     0.75356]
 [    0.52962     0.77528]
 [     0.5474     0.77921]
 [    0.52063     0.83924]
 [    0.55627     0.84515]
 [    0.51355      0.8911]
 [      0.555     0.90216]]
[[    0.55823     0.66471]
 [          0           0]
 [    0.55561     0.65977]
 [          0           0]
 [    0.54732      0.6604]
 [    0.53121     0.68217]
 [    0.54898     0.69264]
 [          0           0]
 [    0.55143     0.73996]
 [          0           0]
 [    0.56212     0.74515]
 [    0.52668     0.76612]
 [    0.54197     0.76946]
 [    0.52002     0.83017]
 [     0.5527     0.82824]
 [    0.51233     0.88423]
 [    0.55164     0.87749]]
[[    0.55802     0.66443]
 [          0           0]
 [    0.55668     0.65926]
 [          0           0]
 [    0.54859     0.65785]
 [    0.53446     0.67982]
 [    0.54312       0.686]
 [          0           0]
 [     0.5471     0.73036]
 [          0           0]
 [    0.55818     0.73809]
 [    0.52774     0.75738]
 [     0.5354     0.76008]
 [    0.52484     0.81628]
 [    0.54124     0.81676]
 [    0.51691     0.86947]
 [    0.53764     0.86935]]
[[    0.55929      0.6627]
 [          0           0]
 [    0.55685     0.65764]
 [          0           0]
 [    0.54865     0.65714]
 [    0.52776     0.66948]
 [    0.55018     0.69008]
 [     0.5188     0.69105]
 [    0.55213     0.73766]
 [    0.52847     0.70678]
 [    0.56186     0.73938]
 [    0.51978     0.75174]
 [    0.53696     0.76092]
 [    0.51464     0.80569]
 [    0.54854     0.81154]
 [    0.50826     0.86551]
 [    0.54435     0.86366]]
[[    0.55823     0.65681]
 [          0           0]
 [    0.55645      0.6525]
 [          0           0]
 [     0.5477     0.65238]
 [    0.52855     0.66402]
 [    0.54536     0.68605]
 [     0.5119     0.68112]
 [    0.55025     0.73507]
 [    0.51638     0.70129]
 [    0.56294     0.74393]
 [    0.51815     0.74639]
 [    0.53059     0.75415]
 [    0.51164      0.8009]
 [    0.53509     0.80486]
 [    0.49277     0.86294]
 [    0.53356     0.85865]]
[[    0.55701     0.65341]
 [          0           0]
 [    0.55463     0.64937]
 [          0           0]
 [      0.546     0.65215]
 [    0.52107     0.66512]
 [    0.54522     0.68654]
 [    0.50611     0.68722]
 [     0.5481     0.73578]
 [    0.51068     0.71106]
 [     0.5616     0.74872]
 [     0.5101     0.74738]
 [    0.52924     0.75617]
 [        0.5      0.7956]
 [    0.54382     0.80529]
 [     0.4832     0.85528]
 [    0.54233       0.862]]
[[    0.54965     0.65237]
 [          0           0]
 [     0.5471     0.64762]
 [          0           0]
 [    0.53992     0.64888]
 [    0.51725     0.66347]
 [    0.54099     0.68138]
 [    0.50031     0.68548]
 [     0.5444     0.72615]
 [    0.50142     0.71714]
 [    0.55482     0.74607]
 [    0.50595      0.7448]
 [    0.52403     0.75227]
 [    0.49705     0.79904]
 [    0.53676     0.80656]
 [    0.48262     0.85971]
 [    0.54019     0.86231]]
[[    0.54596      0.6499]
 [          0           0]
 [    0.54345     0.64491]
 [          0           0]
 [    0.53588     0.64592]
 [    0.51371     0.66271]
 [    0.53696     0.67758]
 [    0.49672     0.68756]
 [    0.54025     0.72153]
 [    0.49626     0.72367]
 [    0.55084     0.74578]
 [    0.50415     0.74305]
 [    0.52218     0.74914]
 [    0.49404     0.80015]
 [    0.53545     0.80505]
 [    0.48206     0.86323]
 [    0.54099       0.863]]
[[    0.53969     0.64756]
 [          0           0]
 [    0.53736       0.643]
 [          0           0]
 [    0.53137     0.64622]
 [    0.50519     0.66691]
 [    0.53398     0.67741]
 [    0.48927      0.7035]
 [    0.53916     0.72285]
 [    0.49082     0.73736]
 [      0.543     0.74895]
 [    0.49875     0.74657]
 [    0.52098     0.75105]
 [     0.4874      0.7989]
 [    0.53308     0.80241]
 [    0.47495     0.86305]
 [    0.54217     0.86371]]
[[          0           0]
 [          0           0]
 [          0           0]
 [    0.51068     0.64935]
 [    0.52571      0.6531]
 [    0.49977     0.67775]
 [    0.53072     0.68956]
 [    0.48458     0.71416]
 [    0.53641     0.73737]
 [    0.47936     0.74756]
 [    0.53208     0.75438]
 [    0.49513     0.75751]
 [    0.51969     0.76222]
 [    0.47882      0.8014]
 [    0.53303     0.80865]
 [    0.46517     0.86137]
 [    0.54136      0.8646]]
[[          0           0]
 [          0           0]
 [          0           0]
 [    0.50226     0.67263]
 [    0.51667     0.67344]
 [    0.49318     0.70247]
 [    0.52198     0.70685]
 [    0.47874     0.73579]
 [    0.53237     0.74868]
 [    0.47921     0.75595]
 [    0.53429      0.7621]
 [    0.49231     0.77541]
 [    0.51664     0.77632]
 [    0.47111     0.80583]
 [    0.53598     0.80605]
 [     0.4588     0.86415]
 [    0.54275     0.86004]]
[[          0           0]
 [          0           0]
 [          0           0]
 [     0.5073      0.6771]
 [    0.52199     0.67954]
 [    0.49765     0.70607]
 [    0.52849     0.71243]
 [    0.49032     0.73826]
 [    0.53987     0.75297]
 [    0.49788     0.75541]
 [    0.54835     0.76529]
 [    0.49594     0.78496]
 [    0.52185     0.78777]
 [     0.4752     0.80962]
 [    0.54252     0.81366]
 [    0.46119     0.86301]
 [    0.55121     0.86421]]
[[          0           0]
 [          0           0]
 [          0           0]
 [    0.52843     0.66419]
 [    0.54337      0.6665]
 [     0.5215     0.69205]
 [    0.54757     0.69907]
 [    0.52697     0.72086]
 [    0.55818     0.73794]
 [          0           0]
 [    0.57485     0.75729]
 [    0.51648     0.77101]
 [    0.53945     0.77378]
 [    0.49779     0.80528]
 [    0.55674     0.81084]
 [    0.47831     0.85755]
 [     0.5597     0.86434]]
[[          0           0]
 [          0           0]
 [          0           0]
 [    0.54141     0.65427]
 [    0.55544     0.65585]
 [    0.53509     0.68174]
 [    0.55965     0.68837]
 [    0.54219     0.71346]
 [    0.56812     0.73066]
 [          0           0]
 [    0.58508     0.74421]
 [    0.53279     0.76506]
 [     0.5518     0.76778]
 [    0.51906     0.81141]
 [    0.55668     0.81381]
 [    0.50732     0.86427]
 [    0.55553      0.8642]]
[[          0           0]
 [          0           0]
 [          0           0]
 [    0.54829     0.65039]
 [    0.56259     0.65138]
 [    0.54167     0.67837]
 [    0.56541     0.68359]
 [          0           0]
 [    0.57469     0.72574]
 [          0           0]
 [    0.58913     0.74058]
 [    0.53905     0.75756]
 [    0.55645     0.75962]
 [     0.5323     0.80984]
 [    0.55934     0.81105]
 [    0.52827     0.85841]
 [    0.55301     0.85958]]
[[          0           0]
 [          0           0]
 [          0           0]
 [    0.54829     0.65039]
 [    0.56259     0.65138]
 [    0.54167     0.67837]
 [    0.56541     0.68359]
 [          0           0]
 [    0.57469     0.72574]
 [          0           0]
 [    0.58913     0.74058]
 [    0.53905     0.75756]
 [    0.55645     0.75962]
 [     0.5323     0.80984]
 [    0.55934     0.81105]
 [    0.52827     0.85841]
 [    0.55301     0.85958]]
[[    0.67331     0.86883]
 [    0.67634     0.86233]
 [          0           0]
 [    0.68566     0.86573]
 [          0           0]
 [    0.70024     0.90418]
 [    0.66887       0.905]
 [    0.71015     0.95635]
 [    0.66695     0.95359]
 [    0.71091           1]
 [          0           0]
 [    0.69587     0.99498]
 [    0.67529     0.99432]
 [          0           0]
 [          0           0]
 [          0           0]
 [          0           0]]
[[          0           0]
 [          0           0]
 [          0           0]
 [          0           0]
 [     0.6359     0.68495]
 [    0.62077     0.70636]
 [    0.63567     0.71064]
 [    0.63942     0.74048]
 [    0.64582     0.74206]
 [     0.6611     0.73985]
 [     0.6633     0.74124]
 [    0.61145     0.78901]
 [    0.62994     0.79237]
 [    0.59124     0.83085]
 [    0.66077     0.83904]
 [    0.56991     0.87366]
 [    0.68024     0.88981]]
[[    0.66579     0.70656]
 [          0           0]
 [    0.66305       0.703]
 [          0           0]
 [      0.656     0.70727]
 [    0.63134     0.73267]
 [    0.65876     0.73537]
 [    0.61944     0.75992]
 [    0.68008     0.75232]
 [    0.62516      0.7615]
 [    0.70135     0.74804]
 [    0.62106     0.80984]
 [    0.64376     0.81192]
 [    0.61071     0.83081]
 [    0.67436     0.83429]
 [    0.58912     0.88402]
 [    0.68686      0.8915]]
