[[          0           0]
 [          0           0]
 [          0           0]
 [          0           0]
 [    0.69165     0.64572]
 [    0.67085     0.66445]
 [    0.68782     0.68363]
 [    0.68438     0.69919]
 [    0.69408     0.73556]
 [    0.70454     0.71281]
 [    0.72423     0.74075]
 [     0.6573     0.75804]
 [    0.66937     0.76901]
 [    0.68004     0.80422]
 [    0.69681     0.82659]
 [    0.67522     0.87179]
 [     0.7021       0.903]]
[[          0           0]
 [          0           0]
 [          0           0]
 [          0           0]
 [    0.68887     0.65719]
 [     0.6713     0.67157]
 [    0.68063     0.69574]
 [    0.68905     0.68936]
 [    0.68386     0.74266]
 [    0.70629     0.68169]
 [    0.70945     0.74046]
 [    0.65796     0.76365]
 [    0.66519     0.77881]
 [    0.68304     0.80437]
 [    0.69521     0.83784]
 [    0.67754     0.87239]
 [    0.69611     0.92037]]
[[          0           0]
 [          0           0]
 [          0           0]
 [          0           0]
 [    0.68486     0.66465]
 [    0.67198     0.67585]
 [    0.67526     0.70323]
 [    0.68909     0.68478]
 [    0.67727     0.75457]
 [    0.70249     0.67336]
 [    0.70221     0.73977]
 [    0.66058     0.76764]
 [    0.66349     0.78244]
 [    0.68654     0.83053]
 [     0.6934     0.85107]
 [    0.67088      0.9084]
 [    0.68327     0.92746]]
[[          0           0]
 [          0           0]
 [          0           0]
 [          0           0]
 [     0.6793     0.67917]
 [    0.66217     0.69051]
 [    0.67112     0.71909]
 [     0.6709     0.70205]
 [    0.67878     0.76956]
 [    0.68564     0.69826]
 [    0.69745     0.75513]
 [    0.65075     0.78297]
 [    0.65538     0.79728]
 [     0.6787     0.85279]
 [    0.67955     0.87271]
 [    0.66275     0.92733]
 [     0.6583     0.94729]]
[[          0           0]
 [          0           0]
 [    0.67757     0.67712]
 [          0           0]
 [    0.67067     0.68297]
 [    0.64591     0.69381]
 [    0.66936     0.71904]
 [    0.62846     0.70757]
 [    0.68741     0.75853]
 [     0.6383     0.73648]
 [    0.70394     0.76112]
 [    0.63722     0.78658]
 [    0.64978     0.80095]
 [    0.67316     0.85808]
 [    0.67656     0.87724]
 [    0.66212      0.9316]
 [    0.66239     0.94785]]
[[          0           0]
 [          0           0]
 [          0           0]
 [          0           0]
 [     0.6611     0.69077]
 [    0.63585     0.69686]
 [    0.66168     0.72429]
 [    0.61829     0.70292]
 [    0.67876     0.75103]
 [    0.62923     0.71265]
 [     0.6921     0.73523]
 [    0.62092     0.79138]
 [    0.63454     0.80776]
 [    0.66235     0.83691]
 [    0.66948     0.87026]
 [    0.65197     0.90461]
 [    0.66031     0.94844]]
[[          0           0]
 [          0           0]
 [          0           0]
 [    0.63689     0.67825]
 [    0.65242     0.68862]
 [    0.62346     0.69892]
 [    0.65249     0.72279]
 [    0.60558     0.72747]
 [    0.65429     0.75429]
 [    0.61452     0.73329]
 [          0           0]
 [    0.61074     0.78875]
 [    0.63122     0.80467]
 [    0.62998     0.82563]
 [    0.65812     0.86341]
 [    0.61495     0.88314]
 [    0.65873     0.93588]]
[[          0           0]
 [          0           0]
 [          0           0]
 [    0.61437     0.66842]
 [    0.63096     0.67531]
 [    0.60096     0.69681]
 [    0.63247     0.71401]
 [    0.57781     0.72739]
 [    0.63229     0.75373]
 [    0.59041     0.74067]
 [          0           0]
 [     0.5875     0.78649]
 [    0.61257     0.79551]
 [    0.59214     0.84616]
 [     0.6399     0.86112]
 [    0.56957     0.89601]
 [     0.6521     0.90791]]
[[          0           0]
 [          0           0]
 [          0           0]
 [    0.59637     0.66592]
 [    0.61341     0.67165]
 [    0.58332     0.69584]
 [    0.61619     0.71338]
 [    0.55796      0.7276]
 [    0.62007     0.76904]
 [    0.57359     0.74643]
 [    0.61103     0.79736]
 [    0.57581     0.78828]
 [    0.60279     0.79613]
 [    0.56997      0.8613]
 [    0.62548     0.86781]
 [    0.55018     0.92478]
 [    0.64351     0.92533]]
[[          0           0]
 [          0           0]
 [          0           0]
 [    0.57362     0.63946]
 [    0.59036     0.64219]
 [    0.55962     0.67122]
 [    0.59304     0.68369]
 [     0.5368     0.69578]
 [    0.59446     0.74275]
 [    0.53168     0.70994]
 [    0.60207     0.77586]
 [    0.55462     0.76523]
 [    0.57694     0.76828]
 [    0.55461     0.83819]
 [    0.58577      0.8367]
 [    0.54741     0.90748]
 [    0.58281     0.89972]]
[[          0           0]
 [          0           0]
 [          0           0]
 [     0.5686     0.63055]
 [     0.5857     0.63649]
 [    0.55438      0.6612]
 [    0.58691     0.67803]
 [    0.53274     0.69249]
 [    0.59092     0.73735]
 [    0.52666     0.70864]
 [    0.59862      0.7702]
 [    0.54885     0.75864]
 [    0.57049     0.76529]
 [    0.54638     0.83672]
 [    0.57502      0.8428]
 [     0.5438     0.90905]
 [    0.57059     0.91252]]
[[          0           0]
 [          0           0]
 [          0           0]
 [    0.55494     0.62684]
 [    0.57222     0.63211]
 [    0.54134     0.65564]
 [    0.57742     0.66849]
 [    0.52006     0.69694]
 [    0.58066     0.72427]
 [    0.51487     0.71758]
 [     0.5852     0.75718]
 [    0.53511     0.75049]
 [    0.55825     0.75608]
 [    0.53351     0.82557]
 [     0.5525      0.8373]
 [    0.52442     0.89499]
 [    0.53865     0.91033]]
[[          0           0]
 [          0           0]
 [          0           0]
 [    0.54251     0.63773]
 [    0.56005     0.64656]
 [    0.52741     0.66776]
 [    0.56619     0.68503]
 [    0.50784     0.71566]
 [    0.56535     0.73583]
 [    0.50958     0.72467]
 [    0.55475     0.74884]
 [    0.52002     0.76492]
 [    0.54648     0.77441]
 [    0.51411     0.82064]
 [    0.54153     0.85007]
 [    0.49945     0.87657]
 [     0.5289     0.92524]]
[[     0.6543     0.70934]
 [          0           0]
 [    0.65298      0.7056]
 [          0           0]
 [    0.64711      0.7028]
 [     0.6303     0.71839]
 [    0.63526     0.72489]
 [          0           0]
 [    0.62699     0.76859]
 [          0           0]
 [    0.64623     0.79577]
 [    0.61239     0.79707]
 [    0.62161     0.80259]
 [    0.61863     0.84068]
 [    0.65738     0.84908]
 [    0.59215     0.87641]
 [    0.67345      0.8916]]
[[          0           0]
 [          0           0]
 [          0           0]
 [          0           0]
 [    0.54295     0.64106]
 [    0.51273     0.65887]
 [    0.54668      0.6796]
 [    0.49148     0.69245]
 [    0.55072     0.73083]
 [    0.49025     0.72006]
 [    0.55119     0.76497]
 [     0.5053     0.75321]
 [    0.52882     0.76374]
 [    0.50077     0.81347]
 [    0.53385     0.83516]
 [    0.48894     0.85983]
 [    0.52944     0.88952]]
[[          0           0]
 [          0           0]
 [          0           0]
 [          0           0]
 [    0.53677     0.63079]
 [    0.50748       0.651]
 [    0.54035     0.66765]
 [    0.48902     0.68343]
 [    0.54353     0.71913]
 [    0.47698      0.7129]
 [    0.54491     0.75261]
 [    0.50214     0.74337]
 [    0.52559     0.75063]
 [    0.49233     0.80247]
 [    0.53186     0.81213]
 [    0.49223     0.85988]
 [    0.53325     0.87041]]
[[          0           0]
 [          0           0]
 [          0           0]
 [          0           0]
 [    0.53447     0.62653]
 [    0.50573      0.6459]
 [     0.5391     0.66404]
 [    0.48741     0.68037]
 [    0.54444     0.71774]
 [    0.47599     0.71128]
 [     0.5424      0.7446]
 [    0.50015       0.739]
 [    0.52532     0.74676]
 [    0.48659     0.78582]
 [    0.53533     0.79655]
 [     0.4862     0.85168]
 [    0.54512      0.8626]]
[[          0           0]
 [          0           0]
 [          0           0]
 [    0.51297      0.6278]
 [    0.52945     0.63051]
 [    0.50393      0.6545]
 [    0.53658     0.66822]
 [    0.48951     0.68699]
 [    0.54282     0.72464]
 [     0.4786     0.71887]
 [    0.54112     0.74168]
 [    0.50011     0.74947]
 [    0.52643      0.7522]
 [    0.47895     0.79257]
 [    0.53625     0.78837]
 [    0.47043      0.8554]
 [    0.55147     0.83782]]
[[          0           0]
 [          0           0]
 [          0           0]
 [    0.51302      0.6419]
 [    0.52933     0.64416]
 [    0.50275     0.67206]
 [    0.53605     0.67885]
 [    0.48948     0.71522]
 [    0.54252     0.72984]
 [    0.48335     0.74731]
 [    0.54329     0.74927]
 [    0.50311     0.76019]
 [    0.52951     0.76157]
 [     0.4809     0.79143]
 [    0.53984     0.78924]
 [     0.4673     0.85847]
 [    0.55016     0.84792]]
[[          0           0]
 [          0           0]
 [          0           0]
 [    0.52908     0.63964]
 [    0.54632     0.64197]
 [    0.51813     0.66998]
 [    0.55359     0.67682]
 [    0.50529     0.71553]
 [    0.56301     0.72732]
 [    0.49907     0.74813]
 [    0.56913     0.75131]
 [    0.51222     0.75925]
 [    0.53982     0.76121]
 [    0.48888     0.79497]
 [    0.55212     0.79893]
 [    0.47088     0.85628]
 [     0.5551     0.85672]]
[[          0           0]
 [          0           0]
 [          0           0]
 [    0.54516     0.62888]
 [    0.56102     0.63333]
 [    0.53466     0.65616]
 [    0.56792     0.66789]
 [     0.5178     0.69445]
 [    0.57449      0.7169]
 [    0.50734     0.71799]
 [    0.58088     0.74086]
 [    0.52672     0.74387]
 [    0.55189     0.74845]
 [    0.50703     0.79402]
 [    0.55818      0.8047]
 [    0.48543     0.84435]
 [    0.55062     0.85858]]
[[          0           0]
 [          0           0]
 [          0           0]
 [          0           0]
 [    0.58922     0.61916]
 [    0.56193     0.63848]
 [    0.59126     0.65432]
 [    0.53935     0.66929]
 [    0.59197     0.70012]
 [    0.54226     0.68539]
 [          0           0]
 [    0.55413     0.72607]
 [    0.57303     0.73375]
 [    0.55621     0.78182]
 [    0.57262     0.79322]
 [    0.55108     0.83636]
 [    0.56689     0.84742]]
[[          0           0]
 [          0           0]
 [          0           0]
 [          0           0]
 [    0.60516     0.62798]
 [    0.57554      0.6412]
 [    0.60648     0.65324]
 [    0.55574     0.66943]
 [    0.60723     0.68979]
 [    0.55563     0.68168]
 [          0           0]
 [    0.57013     0.71863]
 [    0.59106     0.72411]
 [    0.56005     0.76428]
 [     0.5878      0.7737]
 [          0           0]
 [          0           0]]
[[          0           0]
 [          0           0]
 [          0           0]
 [          0           0]
 [    0.58198     0.69645]
 [    0.56002     0.73053]
 [    0.58929     0.73155]
 [    0.54941     0.77012]
 [    0.59775     0.77512]
 [    0.53899     0.80438]
 [    0.60277     0.81313]
 [    0.56808      0.8139]
 [    0.58547     0.81507]
 [    0.57138      0.8805]
 [    0.58141     0.88228]
 [          0           0]
 [          0           0]]
[[          0           0]
 [          0           0]
 [          0           0]
 [          0           0]
 [    0.57111     0.69173]
 [    0.54853     0.72187]
 [    0.57644     0.72841]
 [    0.53539     0.76114]
 [    0.58369     0.77483]
 [    0.52904     0.79659]
 [    0.58654     0.80683]
 [    0.54563     0.80161]
 [    0.56578     0.80472]
 [    0.53703     0.85533]
 [    0.56951     0.86315]
 [    0.52058     0.89489]
 [    0.56949      0.9048]]
[[          0           0]
 [          0           0]
 [          0           0]
 [          0           0]
 [    0.65932     0.68151]
 [    0.64339      0.6855]
 [    0.64609     0.71543]
 [    0.65045     0.69206]
 [    0.63409     0.76143]
 [     0.6577     0.69131]
 [    0.62595     0.81307]
 [    0.61866     0.76848]
 [    0.62685     0.78419]
 [    0.61242     0.82317]
 [    0.64926     0.85537]
 [    0.58755     0.86676]
 [    0.66122      0.9162]]
[[    0.56335     0.66748]
 [          0           0]
 [    0.56036     0.66261]
 [          0           0]
 [    0.55283      0.6646]
 [    0.53239     0.69024]
 [    0.55695     0.69939]
 [    0.52372     0.72495]
 [    0.55935     0.74462]
 [    0.53772     0.73514]
 [    0.56397     0.76524]
 [    0.53081     0.77399]
 [    0.54977     0.77929]
 [    0.52338     0.83476]
 [    0.55814      0.8434]
 [    0.51615     0.88763]
 [    0.55538      0.9016]]
[[    0.71033     0.72712]
 [          0           0]
 [    0.70862     0.72085]
 [          0           0]
 [    0.69904     0.71717]
 [    0.69004     0.73366]
 [    0.68158     0.73997]
 [          0           0]
 [     0.6652     0.79128]
 [          0           0]
 [    0.66209     0.84606]
 [    0.66011     0.79473]
 [    0.65418     0.79902]
 [    0.68106     0.86461]
 [    0.67209     0.87385]
 [    0.66575      0.9287]
 [    0.66279     0.94669]]
[[    0.55753     0.66412]
 [          0           0]
 [    0.55517     0.65898]
 [          0           0]
 [    0.54565     0.65821]
 [    0.54585     0.68555]
 [    0.53714     0.68599]
 [    0.54819     0.72729]
 [     0.5436      0.7277]
 [    0.55796      0.7375]
 [    0.55681     0.73267]
 [    0.53911     0.76287]
 [    0.53103     0.76413]
 [    0.54633     0.82115]
 [     0.5257     0.82474]
 [    0.54276     0.87241]
 [    0.51511     0.87954]]
[[      0.749     0.75521]
 [          0           0]
 [    0.74722     0.74858]
 [          0           0]
 [     0.7372     0.74538]
 [     0.7295     0.76542]
 [     0.7156     0.76372]
 [    0.71529     0.80648]
 [    0.69219     0.80766]
 [    0.71767     0.84576]
 [    0.69809     0.85287]
 [    0.69923       0.829]
 [    0.68593     0.82813]
 [    0.72471     0.90157]
 [    0.69067     0.89705]
 [    0.73786     0.96753]
 [    0.66993     0.96225]]
[[    0.55885     0.65828]
 [          0           0]
 [      0.557     0.65321]
 [          0           0]
 [     0.5479     0.65223]
 [    0.53536     0.66979]
 [    0.54172     0.68261]
 [    0.51754     0.69864]
 [    0.54563     0.73169]
 [    0.52654     0.71127]
 [    0.56305     0.74117]
 [    0.52518     0.74743]
 [    0.52603     0.75238]
 [    0.53488     0.79996]
 [    0.51632     0.80297]
 [    0.52566     0.86082]
 [     0.5072     0.86011]]
[[    0.76789      0.8087]
 [    0.76934     0.80229]
 [    0.76483     0.80257]
 [          0           0]
 [    0.75517     0.79914]
 [    0.76616     0.81295]
 [    0.73439     0.81898]
 [    0.77504     0.84604]
 [    0.71452      0.8656]
 [    0.77992     0.87151]
 [    0.73178     0.89359]
 [    0.73216     0.86509]
 [    0.70949     0.86889]
 [     0.7573     0.92103]
 [    0.72289     0.93281]
 [    0.75795     0.99178]
 [    0.71198           1]]
[[    0.55234     0.65322]
 [          0           0]
 [    0.55061     0.64845]
 [          0           0]
 [    0.54264      0.6487]
 [    0.52005     0.66433]
 [    0.54192     0.68566]
 [    0.50583     0.68311]
 [    0.54657     0.73131]
 [    0.50391        0.72]
 [    0.55725     0.74958]
 [    0.51036       0.745]
 [    0.52772     0.75299]
 [    0.50012     0.79823]
 [    0.53824     0.80529]
 [      0.488     0.85873]
 [     0.5416     0.85966]]
[[    0.77194     0.83868]
 [          0           0]
 [    0.77103     0.83381]
 [          0           0]
 [    0.76618     0.82983]
 [    0.74671     0.82296]
 [    0.75332     0.85497]
 [    0.73296     0.83241]
 [    0.75576     0.91334]
 [    0.73683      0.8615]
 [    0.78045     0.95408]
 [    0.70397     0.87785]
 [    0.70533     0.89188]
 [    0.74495     0.94569]
 [    0.74537     0.96212]
 [          0           0]
 [    0.73596           1]]
[[    0.54261     0.64773]
 [          0           0]
 [    0.54027     0.64288]
 [          0           0]
 [    0.53305     0.64493]
 [    0.50899     0.66279]
 [    0.53452     0.67735]
 [    0.49323     0.69075]
 [    0.53952     0.72234]
 [    0.49373     0.72958]
 [    0.54766     0.74757]
 [    0.50085     0.74203]
 [    0.52063     0.74791]
 [    0.49073     0.79833]
 [    0.53378     0.80239]
 [    0.47956     0.86363]
 [    0.54166     0.86238]]
[[          0           0]
 [          0           0]
 [          0           0]
 [    0.73545     0.77984]
 [    0.75145     0.79399]
 [    0.71875     0.79621]
 [    0.74569     0.83345]
 [    0.67994     0.80249]
 [    0.73135     0.88518]
 [    0.66142     0.82889]
 [    0.71795     0.91386]
 [    0.68539     0.88906]
 [    0.70213     0.90717]
 [    0.71932     0.93361]
 [     0.7404     0.96714]
 [    0.70187     0.97679]
 [    0.73377           1]]
[[          0           0]
 [          0           0]
 [          0           0]
 [    0.50287     0.66517]
 [    0.51783     0.66615]
 [    0.49382     0.69544]
 [    0.52376     0.70018]
 [    0.48122     0.73233]
 [    0.53069     0.74323]
 [    0.47375     0.76124]
 [    0.52968     0.75669]
 [    0.49252     0.77251]
 [    0.51755      0.7732]
 [    0.47295     0.80612]
 [    0.53218     0.80548]
 [    0.45942     0.86424]
 [    0.54266     0.85854]]
[[          0           0]
 [          0           0]
 [          0           0]
 [     0.6831     0.74976]
 [    0.70109     0.75801]
 [     0.6734     0.77643]
 [     0.7065     0.80521]
 [    0.64495       0.801]
 [    0.70743     0.85663]
 [    0.61982     0.83126]
 [    0.69544     0.86727]
 [    0.66198      0.8746]
 [    0.68782     0.88874]
 [    0.65679     0.92771]
 [     0.7117      0.9559]
 [    0.63247     0.97609]
 [    0.72187           1]]
[[          0           0]
 [          0           0]
 [          0           0]
 [    0.52035     0.66992]
 [    0.53625     0.67025]
 [    0.51392     0.70055]
 [    0.54158     0.70287]
 [     0.5113     0.73501]
 [    0.55447     0.74192]
 [          0           0]
 [    0.56397     0.76287]
 [    0.50993     0.77606]
 [    0.53377     0.77634]
 [    0.48654     0.81345]
 [    0.55044     0.81356]
 [    0.46455      0.8639]
 [    0.56018     0.86211]]
[[          0           0]
 [          0           0]
 [          0           0]
 [    0.62248     0.72961]
 [     0.6413     0.72977]
 [    0.61092     0.76781]
 [    0.65311     0.77184]
 [      0.591     0.80847]
 [    0.66473     0.82851]
 [    0.57971     0.83138]
 [    0.67373     0.87067]
 [    0.61846     0.87586]
 [    0.64833      0.8772]
 [    0.61243     0.94098]
 [    0.66826     0.94431]
 [    0.61544      0.9918]
 [          0           0]]
[[          0           0]
 [          0           0]
 [          0           0]
 [          0           0]
 [    0.56837     0.64874]
 [    0.54981     0.67678]
 [    0.57014     0.67993]
 [    0.55121     0.71299]
 [    0.57695     0.72062]
 [          0           0]
 [    0.58639     0.74679]
 [    0.54815     0.75229]
 [    0.56167     0.75379]
 [    0.54878     0.80762]
 [    0.55853     0.80965]
 [    0.54687     0.85808]
 [    0.55185     0.86253]]
[[          0           0]
 [          0           0]
 [          0           0]
 [    0.58507     0.68836]
 [    0.60218     0.68806]
 [    0.57446     0.72391]
 [    0.61371     0.72473]
 [    0.56316     0.75909]
 [    0.62921     0.77835]
 [    0.56547     0.75924]
 [    0.63481     0.81374]
 [    0.58379     0.82846]
 [    0.60785     0.82755]
 [    0.58918     0.91021]
 [    0.60596     0.90414]
 [      0.602     0.98464]
 [    0.60736     0.97778]]
[[          0           0]
 [          0           0]
 [          0           0]
 [    0.57359     0.67646]
 [    0.58987     0.67764]
 [    0.56315     0.70985]
 [    0.59886     0.71624]
 [    0.54994     0.74531]
 [    0.61067     0.77091]
 [    0.55575     0.74986]
 [    0.61477     0.80457]
 [    0.56944     0.80967]
 [     0.5912     0.81237]
 [      0.574     0.88503]
 [    0.58668      0.8858]
 [    0.58501     0.95901]
 [    0.58501     0.95909]]
[[          0           0]
 [          0           0]
 [          0           0]
 [    0.55251     0.66032]
 [    0.56894     0.66453]
 [    0.54136     0.69637]
 [    0.57683     0.70419]
 [    0.53106     0.74647]
 [    0.58475     0.75875]
 [    0.54161     0.75967]
 [     0.5878     0.78896]
 [    0.54066     0.79657]
 [    0.56478     0.80171]
 [    0.52831      0.8659]
 [    0.55676     0.88326]
 [    0.53295     0.91505]
 [    0.55668     0.94421]]
[[          0           0]
 [          0           0]
 [          0           0]
 [    0.54941      0.6505]
 [    0.56504     0.65315]
 [    0.53914     0.68467]
 [    0.57334     0.69051]
 [    0.52703     0.73676]
 [    0.57981     0.75054]
 [    0.52696     0.75043]
 [    0.57843     0.78529]
 [    0.54013     0.78397]
 [    0.56377     0.78663]
 [    0.52603     0.85753]
 [    0.55724     0.86149]
 [     0.5271     0.90591]
 [    0.56049     0.91341]]
[[          0           0]
 [          0           0]
 [          0           0]
 [    0.53875     0.63159]
 [    0.55523     0.63558]
 [    0.52839     0.66402]
 [    0.56249     0.67319]
 [    0.51503     0.70561]
 [    0.56805     0.72854]
 [    0.50695     0.73303]
 [    0.56868     0.76716]
 [    0.52898     0.75623]
 [    0.55327     0.75874]
 [    0.51353     0.81854]
 [    0.55013     0.82439]
 [    0.50031      0.8771]
 [    0.54263     0.88574]]
