0.13489583333333333
0.8851851851851852
0.12760416666666666
0.9083333333333333
0.115625
0.9666666666666667
0.12708333333333333
0.9462962962962963
0.14583333333333334
0.9314814814814815
0.15208333333333332
0.9305555555555556
0.15208333333333332
0.9305555555555556
0.15208333333333332
0.9305555555555556
0.49947916666666664
0.3592592592592593
0.49947916666666664
0.3592592592592593
0.49947916666666664
0.3592592592592593
0.49947916666666664
0.3592592592592593
0.49947916666666664
0.3592592592592593
0.49947916666666664
0.3592592592592593
0.49947916666666664
0.3592592592592593
0.49947916666666664
0.3592592592592593
0.8901041666666667
0.8212962962962963
0.8822916666666667
0.8305555555555556
0.8666666666666667
0.8694444444444445
0.8609375
0.8898148148148148
0.8609375
0.8898148148148148
0.721875
0.32037037037037036
0.7197916666666667
0.28055555555555556
0.73125
0.3101851851851852
0.7510416666666667
0.37222222222222223
0.7510416666666667
0.37222222222222223
0.7885416666666667
0.5611111111111111
0.7973958333333333
0.6138888888888889
0.7973958333333333
0.6138888888888889
0.8510416666666667
0.8638888888888889
0.8786458333333333
0.8574074074074074
0.8984375
0.8703703703703703
0.9078125
0.8833333333333333
0.8114583333333333
0.7314814814814815
0.9166666666666666
0.85
0.9067708333333333
0.8333333333333334
0.8927083333333333
0.8314814814814815
0.8828125
0.8462962962962963
0.5895833333333333
0.5796296296296296
0.5895833333333333
0.5796296296296296
0.5479166666666667
0.35555555555555557
0.5479166666666667
0.35555555555555557
0.5479166666666667
0.35555555555555557
0.5479166666666667
0.35555555555555557
0.5479166666666667
0.35555555555555557
0.5479166666666667
0.35555555555555557
0.25364583333333335
0.7648148148148148
0.4265625
0.8611111111111112
0.13125
0.8111111111111111
0.12239583333333333
0.8296296296296296
0.13854166666666667
0.8601851851851852
0.1453125
0.8740740740740741
0.1453125
0.8740740740740741
0.1453125
0.8740740740740741
0.32083333333333336
0.25462962962962965
0.31354166666666666
0.2759259259259259
0.3015625
0.3314814814814815
0.29739583333333336
0.3527777777777778
0.29739583333333336
0.3527777777777778
0.2708333333333333
0.575925925925926
0.2708333333333333
0.575925925925926
0.2515625
0.7574074074074074
0.2515625
0.7574074074074074
0.2515625
0.7574074074074074
0.2515625
0.7574074074074074
0.2859375
0.35185185185185186
0.290625
0.28425925925925927
0.2765625
0.3148148148148148
0.25364583333333335
0.37777777777777777
0.2359375
0.4425925925925926
0.20885416666666667
0.5657407407407408
0.19791666666666666
0.6138888888888889
0.17239583333333333
0.7851851851851852
0.16770833333333332
0.775
0.1625
0.7796296296296297
0.159375
0.7972222222222223
0.159375
0.7972222222222223
0.4203125
0.3351851851851852
0.4203125
0.3351851851851852
0.4203125
0.3351851851851852
0.4203125
0.3351851851851852
0.6338541666666667
0.2962962962962963
0.6557291666666667
0.32314814814814813
0.6557291666666667
0.32314814814814813
0.8354166666666667
0.6074074074074074
0.8526041666666667
0.7148148148148148
0.8526041666666667
0.7148148148148148
0.8526041666666667
0.7148148148148148
0.8526041666666667
0.7148148148148148
0.8526041666666667
0.7148148148148148
0.8526041666666667
0.7148148148148148
0.48854166666666665
0.5611111111111111
0.4953125
0.5731481481481482
0.5015625
0.5953703703703703
0.5072916666666667
0.6305555555555555
0.509375
0.6407407407407407
0.5088541666666667
0.6407407407407407
0.5088541666666667
0.6407407407407407
0.5088541666666667
0.6407407407407407
0.5088541666666667
0.6407407407407407
0.5088541666666667
0.6407407407407407
0.5088541666666667
0.6407407407407407
0.5088541666666667
0.6407407407407407
0.5088541666666667
0.6407407407407407
0.49114583333333334
0.5083333333333333
0.49114583333333334
0.5083333333333333
0.3734375
0.5962962962962963
0.3734375
0.5962962962962963
0.3734375
0.5962962962962963
0.48385416666666664
0.3194444444444444
0.5145833333333333
0.3194444444444444
0.5375
0.3314814814814815
0.5630208333333333
0.3509259259259259
0.5630208333333333
0.3509259259259259
0.5630208333333333
0.3509259259259259
0.6927083333333334
0.5731481481481482
