0.4159476161003113
0.5837885737419128
0.4195149838924408
0.576138436794281
0.0
0.0
0.430046409368515
0.5776181817054749
0.0
0.0
0.4273585081100464
0.6234094500541687
0.4606272876262665
0.6114273071289062
0.4229815900325775
0.6901846528053284
0.4781443178653717
0.665367841720581
0.4151490330696106
0.7319329380989075
0.0
0.0
0.444685161113739
0.7241121530532837
0.46692514419555664
0.7172717452049255
0.45010119676589966
0.8021591901779175
0.475823312997818
0.7894478440284729
0.47135573625564575
0.8787585496902466
0.48701173067092896
0.8595424890518188
0.42156583070755005
0.5765560865402222
0.425067275762558
0.5689026713371277
0.0
0.0
0.4347766041755676
0.5701035261154175
0.0
0.0
0.43134117126464844
0.6178845167160034
0.46677789092063904
0.6044407486915588
0.42565739154815674
0.6852914094924927
0.4790811538696289
0.6586516499519348
0.4193510115146637
0.728450357913971
0.0
0.0
0.4456653594970703
0.7238047122955322
0.4705931544303894
0.7150273323059082
0.450843870639801
0.7971683144569397
0.480134516954422
0.7784320712089539
0.46778279542922974
0.8757438063621521
0.49529725313186646
0.8468555212020874
0.42939943075180054
0.5632814764976501
0.4321809709072113
0.5557228922843933
0.0
0.0
0.44116827845573425
0.5551359057426453
0.0
0.0
0.4392084777355194
0.6030300259590149
0.47512251138687134
0.5857898592948914
0.42844289541244507
0.6624336242675781
0.0
0.0
0.4198685586452484
0.6744755506515503
0.0
0.0
0.4539874494075775
0.7113398909568787
0.47875723242759705
0.7002338171005249
0.4573402404785156
0.7877165079116821
0.48355141282081604
0.7634958624839783
0.46583524346351624
0.8657085299491882
0.49228590726852417
0.8313125967979431
0.4340939521789551
0.5613937377929688
0.43754512071609497
0.5546036958694458
0.0
0.0
0.44640272855758667
0.5549919009208679
0.0
0.0
0.4452328383922577
0.5975736975669861
0.47850024700164795
0.5815644860267639
0.439706414937973
0.6519635319709778
0.0
0.0
0.4319399893283844
0.6604175567626953
0.0
0.0
0.45833271741867065
0.7030988931655884
0.48152148723602295
0.6915711760520935
0.46041634678840637
0.7826926708221436
0.4839493930339813
0.7550862431526184
0.46752843260765076
0.8630469441413879
0.48709648847579956
0.8199122548103333
0.44169527292251587
0.5584588646888733
0.4460635483264923
0.5506673455238342
0.0
0.0
0.4576133191585541
0.553745687007904
0.0
0.0
0.4573603570461273
0.5946199893951416
0.47960996627807617
0.5876031517982483
0.4617477357387543
0.6519137024879456
0.0
0.0
0.45058542490005493
0.6544147729873657
0.0
0.0
0.46929311752319336
0.6863964200019836
0.4858976900577545
0.6809701323509216
0.4503975510597229
0.7583851218223572
0.4824792146682739
0.7532662749290466
0.4663141369819641
0.8344396352767944
0.48492634296417236
0.8307816982269287
0.44349488615989685
0.5481116771697998
0.4471501111984253
0.5398589968681335
0.0
0.0
0.45795583724975586
0.540325403213501
0.0
0.0
0.45518696308135986
0.5836161375045776
0.48348864912986755
0.5724866390228271
0.45918431878089905
0.6419339776039124
0.5022698640823364
0.6168723702430725
0.45318636298179626
0.644173264503479
0.4958724081516266
0.6512256264686584
0.46746164560317993
0.679085373878479
0.48772671818733215
0.6731302738189697
0.44580307602882385
0.7482547163963318
0.48276984691619873
0.7454798817634583
0.4651854932308197
0.8196188807487488
0.48751989006996155
0.8265560865402222
0.4424363076686859
0.5292277932167053
0.44608575105667114
0.5230381488800049
0.0
0.0
0.4575362503528595
0.5255175232887268
0.0
0.0
0.45453789830207825
0.5684157013893127
0.48417046666145325
0.5525622963905334
0.45223283767700195
0.6184191703796387
0.5054831504821777
0.5935735106468201
0.4527338147163391
0.6243841052055359
0.5063555240631104
0.6376643776893616
0.4666633605957031
0.6651598215103149
0.48845547437667847
0.6560620069503784
0.4455026090145111
0.7320564985275269
0.4886130094528198
0.7202132940292358
0.44597703218460083
0.8045505285263062
0.49281471967697144
0.7970133423805237
0.0
0.0
0.0
0.0
0.0
0.0
0.45032310485839844
0.5277255773544312
0.0
0.0
0.4499082565307617
0.5712143778800964
0.48445242643356323
0.5554686188697815
0.44900086522102356
0.6260764002799988
0.5049487352371216
0.5982010364532471
0.45412760972976685
0.632469654083252
0.5094438791275024
0.6433958411216736
0.4627408981323242
0.6647846102714539
0.48993369936943054
0.6570109724998474
0.44326889514923096
0.7286036610603333
0.4949256181716919
0.7205291986465454
0.4282086193561554
0.8036450147628784
0.5046900510787964
0.8019511103630066
0.0
0.0
0.0
0.0
0.0
0.0
0.4549252688884735
0.5536666512489319
0.47243642807006836
0.5498374700546265
0.4496074616909027
0.5952101349830627
0.4850763976573944
0.5862588882446289
0.4439448416233063
0.6487625241279602
0.50099778175354
0.6353503465652466
0.4570395350456238
0.6626314520835876
0.5104275941848755
0.6674767136573792
0.4576767086982727
0.6884373426437378
0.48802241683006287
0.6835759282112122
0.43589872121810913
0.7467960119247437
0.5066270232200623
0.738947868347168
0.41611868143081665
0.8158596754074097
0.5212252736091614
0.8085120320320129
0.0
0.0
0.0
0.0
0.0
0.0
0.4636022448539734
0.5780936479568481
0.48126524686813354
0.577764093875885
0.45520418882369995
0.6160070300102234
0.4912479519844055
0.6159428358078003
0.4457230567932129
0.6661146879196167
0.5037393569946289
0.6699103713035583
0.4488755464553833
0.7014581561088562
0.5139699578285217
0.7076090574264526
0.45760664343833923
0.7096261382102966
0.48828932642936707
0.7083055377006531
0.436842143535614
0.7456890940666199
0.5096812844276428
0.7412723302841187
0.41897156834602356
0.8162890672683716
0.5213403701782227
0.8087431192398071
0.0
0.0
0.0
0.0
0.0
0.0
0.49298539757728577
0.587433397769928
0.5112675428390503
0.5896425843238831
0.4802255630493164
0.6239541172981262
0.5158725380897522
0.6281322836875916
0.4644739031791687
0.6698915958404541
0.5248054265975952
0.687253475189209
0.4694616198539734
0.6859614849090576
0.532616376876831
0.7246135473251343
0.47563713788986206
0.7187168598175049
0.5058359503746033
0.7191643714904785
0.4527686536312103
0.7444676756858826
0.5245998501777649
0.7380788326263428
0.42256298661231995
0.8152672648429871
0.5251500606536865
0.8038457036018372
0.0
0.0
0.0
0.0
0.0
0.0
0.5167742967605591
0.5818557143211365
0.5336846709251404
0.5856029391288757
0.5019480586051941
0.6176193952560425
0.5370756983757019
0.6271302103996277
0.4829179048538208
0.6562390327453613
0.544869601726532
0.6866182684898376
0.49314892292022705
0.6658439636230469
0.551504373550415
0.7184433341026306
0.49372398853302
0.710561990737915
0.5212462544441223
0.7133371829986572
0.4718755781650543
0.7524574398994446
0.5291061401367188
0.7483522295951843
0.43948739767074585
0.8173251748085022
0.5224539041519165
0.8049713373184204
0.0
0.0
0.0
0.0
0.0
0.0
0.0
0.0
0.56387859582901
0.5774829387664795
0.5305926203727722
0.60230553150177
0.5603689551353455
0.6206445693969727
0.5112823247909546
0.6250544786453247
0.5609807372093201
0.6787775754928589
0.0
0.0
0.0
0.0
0.5216619968414307
0.6978579163551331
0.5419596433639526
0.7035103440284729
0.5156817436218262
0.7605719566345215
0.5417672395706177
0.7582281231880188
0.5068190693855286
0.8215624690055847
0.5274221897125244
0.8076236248016357
0.0
0.0
0.0
0.0
0.0
0.0
0.0
0.0
0.5832971930503845
0.5878205299377441
0.5520679354667664
0.6054067015647888
0.5718058943748474
0.6268601417541504
0.0
0.0
0.5661924481391907
0.6862400770187378
0.0
0.0
0.57771897315979
0.7228602766990662
0.5342655777931213
0.69354248046875
0.5474192500114441
0.705126941204071
0.5533018112182617
0.7488469481468201
0.5612564086914062
0.7632378339767456
0.549297571182251
0.8116416931152344
0.5498649477958679
0.8271512985229492
0.0
0.0
0.0
0.0
0.0
0.0
0.0
0.0
0.608361542224884
0.6125889420509338
0.5810839533805847
0.629738986492157
0.594700038433075
0.6426470875740051
0.0
0.0
0.5861957669258118
0.6885313391685486
0.0
0.0
0.5882881879806519
0.7277565598487854
0.5583932399749756
0.7259960770606995
0.5709566473960876
0.7329109311103821
0.5831987857818604
0.7728440761566162
0.6083705425262451
0.7802273035049438
0.563515305519104
0.8373661637306213
0.6198961734771729
0.8471269607543945
0.0
0.0
0.0
0.0
0.0
0.0
0.0
0.0
0.6231091618537903
0.6328198313713074
0.600633978843689
0.6413553953170776
0.6082718968391418
0.668274462223053
0.0
0.0
0.5937771201133728
0.7208962440490723
0.0
0.0
0.6101512908935547
0.7633630633354187
0.5775335431098938
0.7348169684410095
0.5889474153518677
0.7492387294769287
0.5881637930870056
0.7847334146499634
0.629012942314148
0.8079073429107666
0.5608805418014526
0.8415959477424622
0.6590508222579956
0.8761123418807983
0.0
0.0
0.0
0.0
0.0
0.0
0.0
0.0
0.6555398106575012
0.6618387699127197
0.6376109719276428
0.6813101768493652
0.6397278904914856
0.6985231041908264
0.0
0.0
0.6166113615036011
0.7465746998786926
0.0
0.0
0.6391502022743225
0.7784855961799622
0.6173714399337769
0.7801464200019836
0.6287629008293152
0.7959321141242981
0.6013990044593811
0.8089945316314697
0.665756106376648
0.8554749488830566
0.5699898600578308
0.8394500613212585
0.6925938725471497
0.9182817339897156
0.0
0.0
0.0
0.0
0.0
0.0
0.0
0.0
0.6823723912239075
0.6939046382904053
0.6616123914718628
0.694429874420166
0.6705407500267029
0.7315105199813843
0.6420585513114929
0.6699047684669495
0.6535248160362244
0.766131579875946
0.6311693787574768
0.6390596628189087
0.657075822353363
0.7992419004440308
0.639816403388977
0.8014733195304871
0.6531919240951538
0.8208556175231934
0.6278839707374573
0.8463779091835022
0.6829705834388733
0.8900192975997925
0.5787549614906311
0.8908223509788513
0.7053235173225403
0.9587494134902954
0.0
0.0
0.0
0.0
0.0
0.0
0.0
0.0
0.7137700915336609
0.7553149461746216
0.6859238147735596
0.7551763653755188
0.7023111581802368
0.7922434210777283
0.6614936590194702
0.7509739995002747
0.6935245394706726
0.8274313807487488
0.6404330134391785
0.7495589852333069
0.6993387937545776
0.8698322176933289
0.6592646837234497
0.8500896096229553
0.6759111881256104
0.8715591430664062
0.6561276912689209
0.8672656416893005
0.7100226879119873
0.9155439734458923
0.604025661945343
0.8997904658317566
0.7188177704811096
0.9709988236427307
0.0
0.0
0.0
0.0
0.0
0.0
0.0
0.0
0.7270539402961731
0.7862173914909363
0.7022621631622314
0.7748506665229797
0.7177666425704956
0.8269537091255188
0.6767310500144958
0.7666215896606445
0.7377095818519592
0.8832631707191467
0.655978262424469
0.7847305536270142
0.7621927857398987
0.9055991768836975
0.6665269732475281
0.852053165435791
0.6796156167984009
0.8783160448074341
0.6699225306510925
0.8614171743392944
0.7165094017982483
0.9136028289794922
0.6241552829742432
0.8980798721313477
0.7208936214447021
0.9651104807853699
0.0
0.0
0.0
0.0
0.0
0.0
0.0
0.0
0.7385642528533936
0.7702064514160156
0.7015590071678162
0.7614271640777588
0.728814423084259
0.8157788515090942
0.6707636117935181
0.7639504075050354
0.7405502200126648
0.871502161026001
0.6545425653457642
0.7986372113227844
0.7628252506256104
0.8991727828979492
0.6650408506393433
0.8528338670730591
0.6861238479614258
0.8801230788230896
0.6632943749427795
0.8630943894386292
0.7191231846809387
0.9140614867210388
0.6354042887687683
0.9130632281303406
0.7212907075881958
0.9762661457061768
0.0
0.0
0.0
0.0
0.0
0.0
0.0
0.0
0.7349395155906677
0.7474680542945862
0.6954261064529419
0.7407455444335938
0.7250606417655945
0.7982974648475647
0.6607030630111694
0.7475035190582275
0.7178109288215637
0.8549862504005432
0.650262176990509
0.7895050048828125
0.7145377993583679
0.8767935633659363
0.6596087217330933
0.8400592803955078
0.6825955510139465
0.8694683909416199
0.6736745238304138
0.8528321385383606
0.7188331484794617
0.9062103033065796
0.6389386653900146
0.9194450974464417
0.7203167080879211
0.9802370667457581
0.0
0.0
0.0
0.0
0.0
0.0
0.6948032975196838
0.6910340189933777
0.7147800326347351
0.7093114852905273
0.675265371799469
0.7127005457878113
0.7106102705001831
0.7594479322433472
0.6418088674545288
0.7257509231567383
0.6993556618690491
0.8111510276794434
0.6311067342758179
0.7660205960273743
0.0
0.0
0.6546836495399475
0.8172683119773865
0.6808393001556396
0.840625524520874
0.6640141606330872
0.8564876914024353
0.7068099975585938
0.8992112874984741
0.6434765458106995
0.9248143434524536
0.7141691446304321
0.9713966846466064
0.0
0.0
0.0
0.0
0.0
0.0
0.6750718355178833
0.6663963198661804
0.6936354041099548
0.6806455850601196
0.6575416326522827
0.6881875395774841
0.6898612380027771
0.7330501079559326
0.6206731200218201
0.7024421095848083
0.676438570022583
0.7867599129676819
0.6152000427246094
0.7532891035079956
0.0
0.0
0.6392923593521118
0.8060575127601624
0.6642682552337646
0.8286167979240417
0.6540625095367432
0.8557969927787781
0.6977924108505249
0.8966271281242371
0.6286264061927795
0.9343760013580322
0.7108777165412903
0.9795069098472595
0.0
0.0
0.0
0.0
0.0
0.0
0.6475255489349365
0.634169340133667
0.6672236919403076
0.6397993564605713
0.6335107684135437
0.6683556437492371
0.6659480333328247
0.6899703145027161
0.6081430912017822
0.7021650671958923
0.6681676506996155
0.7520136833190918
0.0
0.0
0.6618761420249939
0.7542358636856079
0.6247647404670715
0.7878997921943665
0.648238480091095
0.7974584102630615
0.6358171105384827
0.8633707761764526
0.67032790184021
0.8747060298919678
0.618245005607605
0.9501784443855286
0.673647940158844
0.9572451114654541
0.0
0.0
0.0
0.0
0.0
0.0
0.0
0.0
0.6544212102890015
0.6171672940254211
0.6174932718276978
0.6443013548851013
0.6545811891555786
0.6643667221069336
0.5976006388664246
0.6763113737106323
0.659374475479126
0.7201835513114929
0.0
0.0
0.0
0.0
0.6122473478317261
0.7621830701828003
0.6357434988021851
0.7711193561553955
0.626163125038147
0.8445106744766235
0.6423295140266418
0.8547605276107788
0.6211069822311401
0.9341621398925781
0.6305258870124817
0.9396520256996155
0.0
0.0
0.0
0.0
0.0
0.0
0.0
0.0
0.6331826448440552
0.6051992177963257
0.5941223502159119
0.6405817866325378
0.6388800144195557
0.6483277082443237
0.5827616453170776
0.6857179999351501
0.6424741148948669
0.7164400219917297
0.0
0.0
0.0
0.0
0.5969181656837463
0.7591438293457031
0.6286554932594299
0.75893634557724
0.6058403253555298
0.8264318108558655
0.6476625800132751
0.8040271401405334
0.5986083149909973
0.9138177037239075
0.6337703466415405
0.8639280796051025
0.0
0.0
0.0
0.0
0.0
0.0
0.0
0.0
0.6204683780670166
0.6136840581893921
0.5854378342628479
0.6494528651237488
0.6257378458976746
0.6549643874168396
0.5647657513618469
0.6935609579086304
0.6456809639930725
0.7065356969833374
0.5545710325241089
0.7380307912826538
0.6630428433418274
0.7231398820877075
0.5830677151679993
0.759277880191803
0.6113210916519165
0.7610395550727844
0.5857594609260559
0.8160659670829773
0.6363099217414856
0.8106154799461365
0.5666726231575012
0.8959727883338928
0.6369146704673767
0.8782340884208679
0.0
0.0
0.0
0.0
0.0
0.0
0.5873607993125916
0.6106042265892029
0.6057852506637573
0.6187549829483032
0.5705652832984924
0.6418349146842957
0.6079702973365784
0.6626937389373779
0.5491222143173218
0.6970254182815552
0.6091275811195374
0.7213199138641357
0.5353195667266846
0.7369935512542725
0.6059236526489258
0.7681469917297363
0.565112292766571
0.7481434941291809
0.5907819271087646
0.7626144289970398
0.5559088587760925
0.8013039827346802
0.585157573223114
0.845626950263977
0.5322235822677612
0.8530987501144409
0.5789218544960022
0.9261160492897034
0.0
0.0
0.0
0.0
0.0
0.0
0.5763206481933594
0.6046934723854065
0.592907726764679
0.6144211292266846
0.5568541288375854
0.6351737976074219
0.5951501131057739
0.662219226360321
0.536026656627655
0.6785761117935181
0.5964799523353577
0.7205621600151062
0.5252364277839661
0.7175664305686951
0.5984776616096497
0.7676420211791992
0.5502729415893555
0.7430354356765747
0.5777251720428467
0.759646475315094
0.5404651761054993
0.8029651045799255
0.5783799290657043
0.8474125862121582
0.520919680595398
0.8663439750671387
0.5774556398391724
0.9376524090766907
0.0
0.0
0.0
0.0
0.0
0.0
0.0
0.0
0.578637957572937
0.6005582809448242
0.5434266328811646
0.623916745185852
0.5788450837135315
0.6489967107772827
0.5176860094070435
0.6538090109825134
0.5827462673187256
0.7102422714233398
0.5177162885665894
0.6626714468002319
0.5872155427932739
0.7403551936149597
0.5321575999259949
0.7304007411003113
0.5571735501289368
0.7429330348968506
0.5281509757041931
0.7981126308441162
0.5675874352455139
0.8175826668739319
0.5187142491340637
0.8727730512619019
0.5669354796409607
0.8973549604415894
0.0
0.0
0.0
0.0
0.0
0.0
0.0
0.0
0.5700865983963013
0.5821934342384338
0.5364548563957214
0.6105529069900513
0.5675622224807739
0.6266541481018066
0.5113431811332703
0.6375385522842407
0.5759044885635376
0.6807886958122253
0.5205432176589966
0.6510825157165527
0.5807138085365295
0.7084850668907166
0.5274118185043335
0.7198233604431152
0.5489473938941956
0.7272583246231079
0.52707439661026
0.7936159372329712
0.5611410737037659
0.8020461201667786
0.5173736810684204
0.8757132887840271
0.5546290874481201
0.8840532302856445
0.0
0.0
0.0
0.0
0.0
0.0
0.0
0.0
0.5624091029167175
0.5666738152503967
0.531001627445221
0.5934900045394897
0.5594236850738525
0.6099629998207092
0.5051715970039368
0.6079063415527344
0.5645895600318909
0.6675907373428345
0.5229065418243408
0.6126060485839844
0.575506329536438
0.7083009481430054
0.5243175625801086
0.7091757655143738
0.5426318049430847
0.7150263786315918
0.525210440158844
0.7933224439620972
0.5500764846801758
0.7883815169334412
0.5185661315917969
0.8724997639656067
0.5394965410232544
0.8575363755226135
0.0
0.0
0.0
0.0
0.0
0.0
0.0
0.0
0.5619089603424072
0.5605501532554626
0.5282669067382812
0.585078775882721
0.5603388547897339
0.6069632172584534
0.5047429203987122
0.6002846360206604
0.5621823668479919
0.6739473938941956
0.5204126238822937
0.6058305501937866
0.5747090578079224
0.708833634853363
0.5224673748016357
0.6996472477912903
0.5434003472328186
0.7064831852912903
0.5213251709938049
0.7838055491447449
0.5452725291252136
0.776829719543457
0.5186188220977783
0.8651577234268188
0.5397847294807434
0.8424630761146545
0.0
0.0
0.0
0.0
0.0
0.0
0.0
0.0
0.5612437725067139
0.5553311109542847
0.5272427797317505
0.5827890038490295
0.5586027503013611
0.6003492474555969
0.5042241215705872
0.6080856323242188
0.5615347027778625
0.6658122539520264
0.5157561898231506
0.6227229833602905
0.5742871761322021
0.6915920972824097
0.5214043259620667
0.6929194331169128
0.5419114232063293
0.6962453126907349
0.5183866024017334
0.7740039229393005
0.539516031742096
0.7590956091880798
0.5186071991920471
0.8547307252883911
0.5389052033424377
0.820059061050415
0.0
0.0
0.0
0.0
0.0
0.0
0.0
0.0
0.5626375079154968
0.5600166320800781
0.5266290307044983
0.5825322866439819
0.5594669580459595
0.6050354838371277
0.5026881098747253
0.6162647604942322
0.5622736215591431
0.6676892042160034
0.5021136403083801
0.6511724591255188
0.5764943957328796
0.6796876788139343
0.5197201371192932
0.6907495856285095
0.5414645671844482
0.6974974274635315
0.5121946930885315
0.7637702226638794
0.538725733757019
0.7595765590667725
0.5161349773406982
0.8443611860275269
0.5381287932395935
0.8228819370269775
0.0
0.0
0.0
0.0
0.0
0.0
0.0
0.0
0.5586654543876648
0.5568493604660034
0.5240994691848755
0.5780977606773376
0.5588246583938599
0.6011795997619629
0.502981424331665
0.6093661189079285
0.5643520355224609
0.6581913828849792
0.48568522930145264
0.6540268063545227
0.5756455659866333
0.6618527770042419
0.5176892876625061
0.6857157349586487
0.5404513478279114
0.6934514045715332
0.5038105845451355
0.7505874633789062
0.537419319152832
0.7515329718589783
0.511640191078186
0.833362340927124
0.5362130999565125
0.8176819682121277
0.5629395246505737
0.5488000512123108
0.0
0.0
0.560649573802948
0.5416468977928162
0.0
0.0
0.5518847703933716
0.5436156392097473
0.5217282176017761
0.5685610175132751
0.5557308197021484
0.5890297889709473
0.5006639361381531
0.6011790037155151
0.5565166473388672
0.6438629031181335
0.4841023087501526
0.6482250094413757
0.5587967038154602
0.6477677226066589
0.5172613859176636
0.6755120754241943
0.5404177308082581
0.682602047920227
0.5019932985305786
0.741058349609375
0.5387340188026428
0.7445034384727478
0.5065964460372925
0.8223387598991394
0.5357934832572937
0.8131505250930786
0.0
0.0
0.0
0.0
0.0
0.0
0.0
0.0
0.5480418801307678
0.5278435349464417
0.5172474980354309
0.5550270080566406
0.5535135865211487
0.570491373538971
0.49713602662086487
0.5869453549385071
0.5596389174461365
0.6235057711601257
0.48422685265541077
0.6317219138145447
0.5557874441146851
0.6414799690246582
0.5141909718513489
0.6602419018745422
0.5394132137298584
0.6650829315185547
0.49681156873703003
0.7287919521331787
0.5398098230361938
0.7286688685417175
0.4855877757072449
0.8139389753341675
0.540878176689148
0.7993102073669434
0.0
0.0
0.0
0.0
0.0
0.0
0.0
0.0
0.5414761900901794
0.5306033492088318
0.5122994184494019
0.5655428171157837
0.5484848022460938
0.575303316116333
0.4922505021095276
0.6034326553344727
0.552363932132721
0.6284554600715637
0.4800242781639099
0.6441224217414856
0.0
0.0
0.5101945996284485
0.6673680543899536
0.5380581617355347
0.668181300163269
0.4929203689098358
0.7321645021438599
0.5419725775718689
0.7259762287139893
0.47488468885421753
0.8085597157478333
0.5498626232147217
0.7888978719711304
0.0
0.0
0.0
0.0
0.0
0.0
0.5094670057296753
0.5563833713531494
0.5269839763641357
0.5561999082565308
0.5045217871665955
0.5964756608009338
0.5401909947395325
0.5983210802078247
0.4912644028663635
0.6452399492263794
0.5470560789108276
0.6503881812095642
0.475790798664093
0.6789149641990662
0.0
0.0
0.5066186189651489
0.6937456130981445
0.5358760952949524
0.6917428374290466
0.48047536611557007
0.7460426688194275
0.5424832701683044
0.7442024946212769
0.4660062789916992
0.8132525682449341
0.5573081374168396
0.8088290691375732
0.0
0.0
0.0
0.0
0.0
0.0
0.4963997006416321
0.5727442502975464
0.5157191157341003
0.5709250569343567
0.49277687072753906
0.6121893525123596
0.5282586812973022
0.6121207475662231
0.48280271887779236
0.6598176956176758
0.5368816256523132
0.6664708852767944
0.46896126866340637
0.6861587762832642
0.0
0.0
0.49979904294013977
0.7092574834823608
0.5295419692993164
0.7073555588722229
0.4755435287952423
0.7496500611305237
0.5412880778312683
0.7454214692115784
0.46615171432495117
0.8182869553565979
0.5593748688697815
0.8088580369949341
0.0
0.0
0.0
0.0
0.0
0.0
0.470307856798172
0.5766246318817139
0.4873298108577728
0.5738348960876465
0.4682041108608246
0.6156995892524719
0.5009137392044067
0.6139079332351685
0.4590427279472351
0.6593731045722961
0.5106379389762878
0.6629676222801208
0.44206804037094116
0.6825248599052429
0.0
0.0
0.4807450473308563
0.7141271233558655
0.5078251957893372
0.7118521928787231
0.4589775800704956
0.7539226412773132
0.523907482624054
0.7459718585014343
0.460757315158844
0.8186206817626953
0.5522168874740601
0.801109254360199
0.0
0.0
0.0
0.0
0.0
0.0
0.45001915097236633
0.5783367156982422
0.0
0.0
0.4528336226940155
0.6166397929191589
0.47855275869369507
0.6103649139404297
0.4467291831970215
0.6575477123260498
0.0
0.0
0.4388093948364258
0.6714068055152893
0.0
0.0
0.47045058012008667
0.7082312703132629
0.49230414628982544
0.703707754611969
0.45181649923324585
0.759387731552124
0.5001202821731567
0.7507712841033936
0.4591134190559387
0.8220866918563843
0.5226976871490479
0.809464156627655
0.0
0.0
0.0
0.0
0.0
0.0
0.42369118332862854
0.5937520265579224
0.0
0.0
0.43823590874671936
0.6240326762199402
0.43124645948410034
0.6326228976249695
0.45429936051368713
0.6627927422523499
0.0
0.0
0.44135743379592896
0.7030115723609924
0.0
0.0
0.4552294611930847
0.7157655954360962
0.4520924687385559
0.719297468662262
0.43927815556526184
0.7709192633628845
0.4424174129962921
0.7775139808654785
0.4601786434650421
0.8320448398590088
0.469998300075531
0.8358547687530518
0.0
0.0
0.0
0.0
0.0
0.0
0.4007934033870697
0.6145213842391968
0.0
0.0
0.4199059307575226
0.6414348483085632
0.4115498960018158
0.6515778303146362
0.4426487982273102
0.6793038845062256
0.4175769090652466
0.6992765069007874
0.42794227600097656
0.7239319682121277
0.40365999937057495
0.7318053245544434
0.4424620270729065
0.7298446297645569
0.43258601427078247
0.7322437167167664
0.4433427155017853
0.7832472324371338
0.40259188413619995
0.7852035164833069
0.4785105884075165
0.8487658500671387
0.399939626455307
0.8460810780525208
0.0
0.0
0.0
0.0
0.0
0.0
0.37094491720199585
0.6381176114082336
0.0
0.0
0.3834400177001953
0.6747589111328125
0.4043987989425659
0.6556663513183594
0.3870103061199188
0.7283110022544861
0.0
0.0
0.374044805765152
0.7520653605461121
0.0
0.0
0.4142632782459259
0.7611643671989441
0.4292810559272766
0.7503921389579773
0.3842684328556061
0.7984647750854492
0.4106523394584656
0.7826882600784302
0.3996291160583496
0.8477750420570374
0.43094170093536377
0.8308493494987488
0.0
0.0
0.0
0.0
0.0
0.0
0.35346704721450806
0.6565912961959839
0.0
0.0
0.3628133237361908
0.6880786418914795
0.38303470611572266
0.6705520749092102
0.3667357861995697
0.7222329378128052
0.4118577837944031
0.6823270320892334
0.3630877733230591
0.7516942620277405
0.42648041248321533
0.7162483334541321
0.39286941289901733
0.7588990926742554
0.40592238306999207
0.7498641610145569
0.36295226216316223
0.8152015805244446
0.38402631878852844
0.8033220171928406
0.37977859377861023
0.8519530296325684
0.41068121790885925
0.8412772417068481
0.32404887676239014
0.6936703324317932
0.0
0.0
0.0
0.0
0.3342323899269104
0.688369631767273
0.0
0.0
0.3571731448173523
0.7068729996681213
0.32619062066078186
0.7191817760467529
0.3932017385959625
0.7138391733169556
0.33219704031944275
0.7603088617324829
0.39248785376548767
0.7579754590988159
0.3411549925804138
0.7678194046020508
0.36975738406181335
0.7849820852279663
0.3573542833328247
0.7843258380889893
0.3352501690387726
0.8547368049621582
0.36778774857521057
0.8316417932510376
0.3161659836769104
0.9210463762283325
0.40998896956443787
0.8632807731628418
0.3097224533557892
0.7229185700416565
0.31264394521713257
0.7165634036064148
0.0
0.0
0.0
0.0
0.0
0.0
0.33764445781707764
0.730057954788208
0.3067586123943329
0.7394313216209412
0.3667663037776947
0.7360865473747253
0.3085426688194275
0.7856483459472656
0.37156206369400024
0.7782046794891357
0.3174377977848053
0.7981154918670654
0.350577175617218
0.8104446530342102
0.33890584111213684
0.8061656951904297
0.3189157247543335
0.8905841112136841
0.35635313391685486
0.8470369577407837
0.29160964488983154
0.970211923122406
0.3976963758468628
0.8750688433647156
0.27814435958862305
0.7704722285270691
0.2803090810775757
0.7623434662818909
0.27336814999580383
0.7661110162734985
0.0
0.0
0.26860570907592773
0.7746791243553162
0.29859521985054016
0.7841045260429382
0.26944148540496826
0.8165602087974548
0.33276066184043884
0.7826830744743347
0.2609158754348755
0.8582813143730164
0.3482218384742737
0.8024725914001465
0.26131385564804077
0.8601611852645874
0.32314401865005493
0.8574763536453247
0.31025049090385437
0.8715882897377014
0.2926551103591919
0.9092510938644409
0.31400254368782043
0.9196592569351196
0.3004927933216095
0.9312806129455566
0.3548380434513092
0.9264749884605408
0.26375749707221985
0.8108649253845215
0.2656532824039459
0.8016265034675598
0.0
0.0
0.27108198404312134
0.7896785140037537
0.0
0.0
0.29186466336250305
0.7922517657279968
0.26103508472442627
0.8262138962745667
0.32373666763305664
0.7913714647293091
0.24857158958911896
0.8644132614135742
0.34391167759895325
0.8178544640541077
0.2314344346523285
0.9012119770050049
0.3179912865161896
0.8525744676589966
0.3034699857234955
0.867218554019928
0.2900248169898987
0.8976357579231262
0.30371779203414917
0.9062590003013611
0.31652820110321045
0.9165535569190979
0.35917001962661743
0.9094114303588867
0.2594747841358185
0.8011954426765442
0.2616933584213257
0.7903715372085571
0.0
0.0
0.26879310607910156
0.7783243656158447
0.0
0.0
0.29304367303848267
0.7862123250961304
0.2591603696346283
0.8179761171340942
0.3281783163547516
0.7965922951698303
0.2517801821231842
0.8648795485496521
0.3448750674724579
0.8369053602218628
0.23608191311359406
0.9015528559684753
0.32161128520965576
0.8532554507255554
0.30342423915863037
0.8648361563682556
0.2809904217720032
0.8960559964179993
0.283474862575531
0.9020795822143555
0.2952759563922882
0.937688410282135
0.3163963258266449
0.9281523823738098
0.26044705510139465
0.7666746377944946
0.2623750865459442
0.7577735185623169
0.0
0.0
0.2709880471229553
0.7509269118309021
0.0
0.0
0.29188406467437744
0.7652226686477661
0.2713833451271057
0.7875474691390991
0.32841888070106506
0.7781705260276794
0.2692444920539856
0.8276611566543579
0.3469606637954712
0.823392927646637
0.260345995426178
0.8295555114746094
0.3213782012462616
0.8398592472076416
0.3094343841075897
0.8481763005256653
0.2890809178352356
0.8915613889694214
0.2815256714820862
0.8994961380958557
0.3049689829349518
0.9478414058685303
0.296684592962265
0.9420967102050781
0.0
0.0
0.0
0.0
0.0
0.0
0.27680474519729614
0.7045586705207825
0.0
0.0
0.30218279361724854
0.7401105165481567
0.29426199197769165
0.7314319014549255
0.3391564190387726
0.7633307576179504
0.29242047667503357
0.7323148846626282
0.3581685423851013
0.8112044930458069
0.287213534116745
0.7259775996208191
0.3193275034427643
0.8342763185501099
0.3177245259284973
0.8267682194709778
0.2861628532409668
0.8874075412750244
0.290904700756073
0.873204231262207
0.2836388349533081
0.9563660621643066
0.3066844344139099
0.9300658106803894
0.0
0.0
0.0
0.0
0.0
0.0
0.29731935262680054
0.6732503771781921
0.0
0.0
0.3181595504283905
0.7093331813812256
0.3081263303756714
0.7091049551963806
0.34553030133247375
0.7561491131782532
0.3107333481311798
0.7615151405334473
0.3524656891822815
0.8127880096435547
0.3030775785446167
0.8235447406768799
0.32862386107444763
0.8134440183639526
0.32355087995529175
0.8089977502822876
0.29786738753318787
0.8749650716781616
0.2918320894241333
0.8656892776489258
0.3130658268928528
0.9477667808532715
0.31319817900657654
0.9318381547927856
0.0
0.0
0.0
0.0
0.0
0.0
0.31662482023239136
0.6352108716964722
0.0
0.0
0.32562902569770813
0.6729428768157959
0.34106767177581787
0.6643879413604736
0.336039662361145
0.7358725070953369
0.0
0.0
0.32709094882011414
0.7936556339263916
0.0
0.0
0.34164324402809143
0.7768976092338562
0.35215798020362854
0.7713066935539246
0.3186650574207306
0.8610284924507141
0.32290464639663696
0.8571121096611023
0.32410240173339844
0.9450422525405884
0.319709837436676
0.9396769404411316
0.0
0.0
0.0
0.0
0.0
0.0
0.33012765645980835
0.622031569480896
0.0
0.0
0.33584389090538025
0.6681011319160461
0.3606904149055481
0.6548652052879333
0.33922094106674194
0.7394413948059082
0.0
0.0
0.3273014724254608
0.784034013748169
0.0
0.0
0.3543247878551483
0.770833432674408
0.3686271011829376
0.7641221880912781
0.33656877279281616
0.8574835658073425
0.33918747305870056
0.8533673286437988
0.35922518372535706
0.9332178235054016
0.3307497799396515
0.9292583465576172
0.0
0.0
0.0
0.0
0.0
0.0
0.3531111478805542
0.6341736316680908
0.0
0.0
0.3533068299293518
0.6765254139900208
0.38643309473991394
0.6695390939712524
0.35448428988456726
0.7369718551635742
0.40529003739356995
0.723902702331543
0.34023088216781616
0.7681576013565063
0.0
0.0
0.3744753301143646
0.7808009386062622
0.3954077661037445
0.7779738903045654
0.3658910095691681
0.868556559085846
0.3804234266281128
0.8664515614509583
0.3920961916446686
0.9477621912956238
0.39364516735076904
0.9466522336006165
0.0
0.0
0.0
0.0
0.0
0.0
0.3675145208835602
0.642993152141571
0.0
0.0
0.3725908696651459
0.6817209720611572
0.40082016587257385
0.6716954112052917
0.3712134063243866
0.732304573059082
0.39585569500923157
0.7099736928939819
0.3551056981086731
0.7495659589767456
0.0
0.0
0.383157879114151
0.7878735065460205
0.4022764265537262
0.7787154316902161
0.3723866045475006
0.8683268427848816
0.38455042243003845
0.847217321395874
0.3945178687572479
0.9526954889297485
0.39854562282562256
0.9175921678543091
0.0
0.0
0.0
0.0
0.0
0.0
0.3860539495944977
0.6217513084411621
0.0
0.0
0.39387425780296326
0.6616033315658569
0.4199562668800354
0.6482897996902466
0.3981829881668091
0.7252877950668335
0.4374384880065918
0.7019984722137451
0.3793945014476776
0.7475360035896301
0.0
0.0
0.4066168963909149
0.7672033309936523
0.42437586188316345
0.7590106129646301
0.3910277783870697
0.8596381545066833
0.40781888365745544
0.8501409292221069
0.39386865496635437
0.9445017576217651
0.42106199264526367
0.9361295104026794
0.0
0.0
0.0
0.0
0.0
0.0
0.400277704000473
0.6246082782745361
0.0
0.0
0.40279990434646606
0.6652184128761292
0.4359249174594879
0.6440409421920776
0.4012365937232971
0.7166222333908081
0.455054372549057
0.6921185255050659
0.0
0.0
0.46063223481178284
0.7412594556808472
0.41781488060951233
0.7575051188468933
0.4428328275680542
0.7421524524688721
0.40787744522094727
0.8503838181495667
0.44534334540367126
0.8099865913391113
0.4048474431037903
0.9471971392631531
0.47425296902656555
0.8888117671012878
0.0
0.0
0.0
0.0
0.0
0.0
0.4140259921550751
0.60562664270401
0.0
0.0
0.41621559858322144
0.6473333239555359
0.44664260745048523
0.6316832304000854
0.4155386984348297
0.6948712468147278
0.4735473692417145
0.6707404255867004
0.41929855942726135
0.7166438102722168
0.4737863540649414
0.7218227982521057
0.43748465180397034
0.7457588315010071
0.45847898721694946
0.7376617193222046
0.42426782846450806
0.8176265954971313
0.4525952637195587
0.8047984838485718
0.43283072113990784
0.8939953446388245
0.47544899582862854
0.8823301196098328
0.0
0.0
0.0
0.0
0.0
0.0
0.42369964718818665
0.5871776938438416
0.0
0.0
0.4213174879550934
0.6289341449737549
0.4559411406517029
0.62042635679245
0.4185183644294739
0.6904736757278442
0.47932690382003784
0.6689796447753906
0.4160059690475464
0.7235139012336731
0.474793940782547
0.7186179757118225
0.4443203806877136
0.7380576729774475
0.46781280636787415
0.7354567050933838
0.42547348141670227
0.7984457612037659
0.45979470014572144
0.8010910749435425
0.45055681467056274
0.871366024017334
0.4754790663719177
0.8817249536514282
0.0
0.0
0.0
0.0
0.0
0.0
0.42565789818763733
0.5598785281181335
0.44248899817466736
0.5561103820800781
0.42451077699661255
0.6014471054077148
0.4600372314453125
0.5914257764816284
0.42306333780288696
0.6621817350387573
0.48403728008270264
0.6277100443840027
0.41725483536720276
0.7133501768112183
0.4840153753757477
0.6684438586235046
0.4406592547893524
0.6968106031417847
0.4650507867336273
0.6945086717605591
0.4366665482521057
0.7666993737220764
0.46955788135528564
0.7730129957199097
0.4486885666847229
0.8428014516830444
0.4824819564819336
0.8577031493186951
0.0
0.0
0.0
0.0
0.0
0.0
0.4277057647705078
0.5554265975952148
0.44609805941581726
0.5519087314605713
0.42554861307144165
0.5935644507408142
0.46150079369544983
0.5854533910751343
0.4231921136379242
0.6551306247711182
0.4843657910823822
0.6258964538574219
0.4171534776687622
0.7093612551689148
0.49018192291259766
0.6655113697052002
0.440120130777359
0.6914400458335876
0.46687382459640503
0.6898646354675293
0.4310298264026642
0.7550830245018005
0.47766590118408203
0.7611031532287598
0.42837706208229065
0.8348061442375183
0.4930083453655243
0.8478422164916992
0.0
0.0
0.0
0.0
0.0
0.0
0.434947669506073
0.5708181858062744
0.4538232088088989
0.5700939893722534
0.42856836318969727
0.6086163520812988
0.46751394867897034
0.6083177924156189
0.4251693785190582
0.6692607998847961
0.4871091842651367
0.6555591225624084
0.42116209864616394
0.7165914177894592
0.49316224455833435
0.6953631639480591
0.4392951428890228
0.7083179354667664
0.47090429067611694
0.7111238837242126
0.42348816990852356
0.7524376511573792
0.48970088362693787
0.7694181799888611
0.4151265323162079
0.8139823079109192
0.5114476680755615
0.8444015383720398
0.0
0.0
0.0
0.0
0.0
0.0
0.43451231718063354
0.5891419649124146
0.45250555872917175
0.5898351669311523
0.4246765971183777
0.6263087391853333
0.4641638696193695
0.6282804012298584
0.4187217652797699
0.6825449466705322
0.481222927570343
0.6745391488075256
0.41677847504615784
0.7213268876075745
0.48968690633773804
0.7156336903572083
0.4359365999698639
0.7177240252494812
0.4673916697502136
0.7229378819465637
0.42548656463623047
0.7516851425170898
0.49286898970603943
0.7699393630027771
0.4243025779724121
0.8101910352706909
0.5145179033279419
0.8409923911094666
0.0
0.0
0.0
0.0
0.0
0.0
0.41544437408447266
0.5852208137512207
0.43150901794433594
0.5842989087104797
0.40965893864631653
0.6204744577407837
0.4421643614768982
0.6226127743721008
0.4100399911403656
0.667060911655426
0.4588322341442108
0.6641665697097778
0.0
0.0
0.45831385254859924
0.6923179626464844
0.4256308972835541
0.7090506553649902
0.45220157504081726
0.7128884196281433
0.41924184560775757
0.7562461495399475
0.4761379361152649
0.7666270136833191
0.4270632863044739
0.809165358543396
0.5050014853477478
0.8256240487098694
0.0
0.0
0.0
0.0
0.0
0.0
0.41544437408447266
0.5852208137512207
0.43150901794433594
0.5842989087104797
0.40965893864631653
0.6204744577407837
0.4421643614768982
0.6226127743721008
0.4100399911403656
0.667060911655426
0.4588322341442108
0.6641665697097778
0.0
0.0
0.45831385254859924
0.6923179626464844
0.4256308972835541
0.7090506553649902
0.45220157504081726
0.7128884196281433
0.41924184560775757
0.7562461495399475
0.4761379361152649
0.7666270136833191
0.4270632863044739
0.809165358543396
0.5050014853477478
0.8256240487098694
0.0
0.0
0.0
0.0
0.0
0.0
0.41544437408447266
0.5852208137512207
0.43150901794433594
0.5842989087104797
0.40965893864631653
0.6204744577407837
0.4421643614768982
0.6226127743721008
0.4100399911403656
0.667060911655426
0.4588322341442108
0.6641665697097778
0.0
0.0
0.45831385254859924
0.6923179626464844
0.4256308972835541
0.7090506553649902
0.45220157504081726
0.7128884196281433
0.41924184560775757
0.7562461495399475
0.4761379361152649
0.7666270136833191
0.4270632863044739
0.809165358543396
0.5050014853477478
0.8256240487098694
0.0
0.0
0.0
0.0
0.0
0.0
0.41544437408447266
0.5852208137512207
0.43150901794433594
0.5842989087104797
0.40965893864631653
0.6204744577407837
0.4421643614768982
0.6226127743721008
0.4100399911403656
0.667060911655426
0.4588322341442108
0.6641665697097778
0.0
0.0
0.45831385254859924
0.6923179626464844
0.4256308972835541
0.7090506553649902
0.45220157504081726
0.7128884196281433
0.41924184560775757
0.7562461495399475
0.4761379361152649
0.7666270136833191
0.4270632863044739
0.809165358543396
0.5050014853477478
0.8256240487098694
0.0
0.0
0.0
0.0
0.0
0.0
0.41544437408447266
0.5852208137512207
0.43150901794433594
0.5842989087104797
0.40965893864631653
0.6204744577407837
0.4421643614768982
0.6226127743721008
0.4100399911403656
0.667060911655426
0.4588322341442108
0.6641665697097778
0.0
0.0
0.45831385254859924
0.6923179626464844
0.4256308972835541
0.7090506553649902
0.45220157504081726
0.7128884196281433
0.41924184560775757
0.7562461495399475
0.4761379361152649
0.7666270136833191
0.4270632863044739
0.809165358543396
0.5050014853477478
0.8256240487098694
0.31260040402412415
0.6302763819694519
0.3155871629714966
0.6240376234054565
0.0
0.0
0.32428663969039917
0.6260741949081421
0.0
0.0
0.34175726771354675
0.656471848487854
0.32207027077674866
0.6675482988357544
0.3683602511882782
0.6826694011688232
0.3254983127117157
0.7040546536445618
0.3549594283103943
0.7177063822746277
0.32128748297691345
0.6896581649780273
0.35829848051071167
0.748444139957428
0.35511255264282227
0.7495545744895935
0.31950923800468445
0.8010815382003784
0.3786102831363678
0.7875813841819763
0.29239457845687866
0.8792022466659546
0.40854722261428833
0.8378960490226746
0.2872301936149597
0.6678671836853027
0.2902405560016632
0.6624721884727478
0.28446677327156067
0.6627422571182251
0.2980225682258606
0.6619408130645752
0.0
0.0
0.31938040256500244
0.6886388063430786
0.28683042526245117
0.6884002685546875
0.33798038959503174
0.7168533205986023
0.2890140414237976
0.7309508323669434
0.32310613989830017
0.7582112550735474
0.2907552123069763
0.7486000657081604
0.3346770107746124
0.7711007595062256
0.32081541419029236
0.7627322673797607
0.30006206035614014
0.8523839116096497
0.3339539170265198
0.806420087814331
0.27047938108444214
0.9176173210144043
0.3834609091281891
0.8249747157096863
0.27306315302848816
0.6933587193489075
0.2754773199558258
0.6867514848709106
0.2697451710700989
0.6882373094558716
0.2828885018825531
0.6850658059120178
0.0
0.0
0.30855411291122437
0.7149125933647156
0.27302736043930054
0.7136547565460205
0.3297034502029419
0.7458423376083374
0.2662283480167389
0.7458681464195251
0.3126147389411926
0.7877411842346191
0.25625061988830566
0.7714892625808716
0.3228055238723755
0.7888613939285278
0.30706632137298584
0.781764566898346
0.2868684232234955
0.8626567721366882
0.3195631802082062
0.8279579877853394
0.2637929618358612
0.9139490723609924
0.3614475429058075
0.8469060659408569
0.26403191685676575
0.7108721733093262
0.2649955153465271
0.7029444575309753
0.0
0.0
0.2725358009338379
0.6921092867851257
0.0
0.0
0.3000505864620209
0.7108732461929321
0.26472586393356323
0.7256366610527039
0.31408941745758057
0.7469167113304138
0.2592262625694275
0.7778400182723999
0.3064958155155182
0.8071408867835999
0.24002768099308014
0.8194252252578735
0.32169660925865173
0.7827968001365662
0.30351194739341736
0.7820751070976257
0.28472626209259033
0.8615497946739197
0.300687700510025
0.8356457352638245
0.26697203516960144
0.922241747379303
0.33934658765792847
0.8617038130760193
0.2666192650794983
0.6984992027282715
0.0
0.0
0.0
0.0
0.27235355973243713
0.684159517288208
0.0
0.0
0.3010096549987793
0.7014943361282349
0.2732023000717163
0.7168246507644653
0.3154306411743164
0.7439352869987488
0.2753639817237854
0.7711533308029175
0.30443817377090454
0.8003172874450684
0.2690613567829132
0.808308482170105
0.32291972637176514
0.77590411901474
0.30849888920783997
0.7778518795967102
0.2850479781627655
0.8436622023582458
0.29978513717651367
0.8328214287757874
0.27101027965545654
0.9106636643409729
0.33137625455856323
0.8782440423965454
0.28215306997299194
0.6521920561790466
0.28519102931022644
0.6445819735527039
0.2789936065673828
0.6454481482505798
0.2943621575832367
0.6418111324310303
0.0
0.0
0.3135893642902374
0.6731637716293335
0.2879893481731415
0.6793605089187622
0.3243151009082794
0.713622510433197
0.0
0.0
0.3165467381477356
0.7644407749176025
0.2977873384952545
0.7637065649032593
0.329791396856308
0.7675167322158813
0.3151836097240448
0.764955461025238
0.2914820611476898
0.8325844407081604
0.29502686858177185
0.8173035979270935
0.2753688097000122
0.9232946038246155
0.31761905550956726
0.8865064978599548
0.299547016620636
0.6303218007087708
0.30125850439071655
0.6235081553459167
0.0
0.0
0.30573511123657227
0.6219249367713928
0.0
0.0
0.32124200463294983
0.6563688516616821
0.3014019727706909
0.6634341478347778
0.3340635299682617
0.7050685286521912
0.30664750933647156
0.7156031131744385
0.32484155893325806
0.7527528405189514
0.30573326349258423
0.75449138879776
0.33174172043800354
0.758282482624054
0.32126134634017944
0.7591853141784668
0.2953866720199585
0.8241397142410278
0.30318114161491394
0.8241694569587708
0.28439611196517944
0.9039175510406494
0.3172675371170044
0.8963968753814697
0.0
0.0
0.0
0.0
0.0
0.0
0.3186844289302826
0.5995149612426758
0.0
0.0
0.3304424583911896
0.6397110819816589
0.3385522663593292
0.6346996426582336
0.3364299237728119
0.7003724575042725
0.3280995786190033
0.6812117099761963
0.31930622458457947
0.728928804397583
0.31027597188949585
0.6888795495033264
0.341070294380188
0.7422327995300293
0.34713757038116455
0.7370956540107727
0.3108848035335541
0.8085748553276062
0.31306520104408264
0.8025998473167419
0.32561877369880676
0.8950328826904297
0.32080915570259094
0.8849319219589233
0.0
0.0
0.0
0.0
0.0
0.0
0.33421942591667175
0.5820315480232239
0.0
0.0
0.34132492542266846
0.6202651262283325
0.35648733377456665
0.6149799227714539
0.3438941240310669
0.6655616760253906
0.351703017950058
0.6550792455673218
0.3306973874568939
0.6732986569404602
0.33162614703178406
0.6706352233886719
0.3525743782520294
0.7276648879051208
0.3625704348087311
0.7226421236991882
0.32531827688217163
0.7990144491195679
0.33047419786453247
0.7948164343833923
0.3458201587200165
0.880876898765564
0.33466556668281555
0.8782306909561157
0.0
0.0
0.0
0.0
0.0
0.0
0.3578943908214569
0.5741920471191406
0.0
0.0
0.3511759638786316
0.6144351959228516
0.3847649395465851
0.6100837588310242
0.3434377610683441
0.6724791526794434
0.0
0.0
0.3376932740211487
0.6980834007263184
0.0
0.0
0.36241161823272705
0.7202065587043762
0.3830316662788391
0.7185025811195374
0.36041226983070374
0.8018624782562256
0.3644798696041107
0.8026561737060547
0.3835018277168274
0.8744966983795166
0.3576188385486603
0.8762136101722717
0.0
0.0
0.0
0.0
0.0
0.0
0.3746209442615509
0.5808959007263184
0.3926388919353485
0.5802376866340637
0.3642648160457611
0.6203166842460632
0.4017290771007538
0.6188046932220459
0.3511272370815277
0.6726666688919067
0.4079035818576813
0.6689973473548889
0.34604671597480774
0.7116016149520874
0.0
0.0
0.37269851565361023
0.7259963750839233
0.39615413546562195
0.722848653793335
0.37392184138298035
0.807007372379303
0.38806870579719543
0.7921106219291687
0.38881877064704895
0.8934256434440613
0.39637622237205505
0.8609640598297119
0.0
0.0
0.0
0.0
0.0
0.0
0.0
0.0
0.4151782989501953
0.5764424800872803
0.38574498891830444
0.6185097098350525
0.4240027070045471
0.6198651790618896
0.37353891134262085
0.6686386466026306
0.42805513739585876
0.6855693459510803
0.36451542377471924
0.7169275283813477
0.421101450920105
0.7188431620597839
0.3909105658531189
0.7289317846298218
0.41914552450180054
0.7244707942008972
0.391050785779953
0.8129172325134277
0.4287012219429016
0.7853932976722717
0.3917291462421417
0.901996374130249
0.45081228017807007
0.8484058380126953
0.0
0.0
0.0
0.0
0.0
0.0
0.0
0.0
0.4279300570487976
0.5752165913581848
0.40115660429000854
0.615412712097168
0.43737906217575073
0.6205686926841736
0.38849249482154846
0.6629762053489685
0.44342759251594543
0.6841815710067749
0.37763017416000366
0.7143458127975464
0.4366455078125
0.7003506422042847
0.405420184135437
0.7282906174659729
0.4325336515903473
0.7267157435417175
0.39749833941459656
0.8048126101493835
0.4475329518318176
0.7846640944480896
0.3951035141944885
0.8957509398460388
0.46580663323402405
0.8487433791160583
0.0
0.0
0.0
0.0
0.0
0.0
0.0
0.0
0.44700583815574646
0.5715398788452148
0.4149657189846039
0.6058169007301331
0.453275203704834
0.6183382272720337
0.4030784070491791
0.6531833410263062
0.4602322280406952
0.6806432604789734
0.39306730031967163
0.7038424015045166
0.45171213150024414
0.6989216208457947
0.41990745067596436
0.7177430987358093
0.4482225477695465
0.7218443751335144
0.41025322675704956
0.7864062190055847
0.4573231637477875
0.7830657958984375
0.4056404232978821
0.8712013959884644
0.4665611982345581
0.8535376787185669
0.0
0.0
0.0
0.0
0.0
0.0
0.0
0.0
0.4556531310081482
0.5590828061103821
0.42189472913742065
0.5889527797698975
0.4602837562561035
0.6043422222137451
0.4103776812553406
0.6382108926773071
0.4678097665309906
0.6633132100105286
0.40301957726478577
0.6888893842697144
0.45639100670814514
0.678222119808197
0.42168909311294556
0.6977232098579407
0.4503909945487976
0.7038999199867249
0.41466841101646423
0.7698158621788025
0.4585643708705902
0.7752775549888611
0.4156939387321472
0.8524414300918579
0.4700213074684143
0.8517520427703857
0.0
0.0
0.0
0.0
0.0
0.0
0.0
0.0
0.463447242975235
0.5502293705940247
0.42952775955200195
0.5765396952629089
0.4665944278240204
0.5946301817893982
0.4123697876930237
0.6144681572914124
0.4728343188762665
0.6520137190818787
0.4114879071712494
0.6337143182754517
0.46389153599739075
0.6607357859611511
0.42651453614234924
0.6771109104156494
0.45362454652786255
0.6846867799758911
0.41813531517982483
0.7567427754402161
0.4611509442329407
0.7651039958000183
0.4182646572589874
0.840578019618988
0.46844977140426636
0.8473994135856628
0.0
0.0
0.0
0.0
0.0
0.0
0.0
0.0
0.4668484628200531
0.5517712831497192
0.43205538392066956
0.5761802792549133
0.46936672925949097
0.5967381596565247
0.4120059311389923
0.6158100962638855
0.4737524688243866
0.6525381803512573
0.4120278060436249
0.6401610374450684
0.46398499608039856
0.6643328666687012
0.42721623182296753
0.6757319569587708
0.45472240447998047
0.685671329498291
0.4186863601207733
0.7497522830963135
0.46164828538894653
0.7665666341781616
0.4126799404621124
0.8290054798126221
0.46740099787712097
0.8499575853347778
0.4737064242362976
0.5534128546714783
0.0
0.0
0.4708004891872406
0.544894814491272
0.0
0.0
0.45863792300224304
0.5436791777610779
0.46616873145103455
0.586640477180481
0.44081923365592957
0.5735742449760437
0.4676553010940552
0.6307967305183411
0.4127025008201599
0.6089276075363159
0.4710502624511719
0.6536798477172852
0.4090633988380432
0.6398802399635315
0.4517802596092224
0.6744524836540222
0.4330088794231415
0.6669875383377075
0.4576027989387512
0.756685733795166
0.4172912538051605
0.7402166128158569
0.46196410059928894
0.8373281955718994
0.4010482728481293
0.8179987668991089
0.0
0.0
0.0
0.0
0.0
0.0
0.0
0.0
0.466642290353775
0.5488970875740051
0.43593838810920715
0.562297523021698
0.4687279760837555
0.5901389718055725
0.41168156266212463
0.5905588269233704
0.47312459349632263
0.6359034776687622
0.4139353334903717
0.6332935690879822
0.46365630626678467
0.6479114294052124
0.42529401183128357
0.6555028557777405
0.449465811252594
0.6698431968688965
0.4173209071159363
0.7269360423088074
0.45601797103881836
0.7517361044883728
0.3922561705112457
0.7972460985183716
0.4563549757003784
0.8243621587753296
0.46861082315444946
0.5493802428245544
0.0
0.0
0.4651924669742584
0.5416556596755981
0.0
0.0
0.4533015191555023
0.5399610996246338
0.4632453918457031
0.5867449045181274
0.4359079897403717
0.5627349615097046
0.46300220489501953
0.6342966556549072
0.40970084071159363
0.5800440311431885
0.4616996645927429
0.6422900557518005
0.41803017258644104
0.5886220932006836
0.44524797797203064
0.6708002686500549
0.4240643084049225
0.6594052910804749
0.4490818679332733
0.7425408363342285
0.4103357195854187
0.727281928062439
0.44543981552124023
0.8061956167221069
0.3846317529678345
0.794006884098053
0.4636170268058777
0.5494171977043152
0.0
0.0
0.4599076509475708
0.5419354438781738
0.0
0.0
0.44936954975128174
0.5437551140785217
0.45698580145835876
0.5931326746940613
0.4326888918876648
0.5699926018714905
0.45249035954475403
0.6453689932823181
0.40298163890838623
0.5897567272186279
0.46157723665237427
0.655994176864624
0.41416066884994507
0.5924437046051025
0.43483465909957886
0.6788613200187683
0.41694992780685425
0.6696091294288635
0.43636804819107056
0.7442218661308289
0.4100523591041565
0.7366480231285095
0.4270760118961334
0.7981812953948975
0.38172081112861633
0.7972191572189331
0.457927405834198
0.5879529714584351
0.0
0.0
0.45509251952171326
0.5789409875869751
0.0
0.0
0.4443865418434143
0.5730817317962646
0.44053611159324646
0.6122282147407532
0.430257111787796
0.5983200669288635
0.43984270095825195
0.6598526835441589
0.40969380736351013
0.6309577226638794
0.45477649569511414
0.6769552826881409
0.4301324784755707
0.6459608674049377
0.4204801619052887
0.694335401058197
0.4115031063556671
0.6899343132972717
0.43397265672683716
0.756472110748291
0.4083552360534668
0.7543990612030029
0.42252522706985474
0.8126510381698608
0.3761783838272095
0.8166051506996155
0.45968976616859436
0.5913745760917664
0.0
0.0
0.45745551586151123
0.5819907188415527
0.0
0.0
0.4469299912452698
0.5755572319030762
0.43984290957450867
0.6126920580863953
0.43065470457077026
0.6061301827430725
0.4367900788784027
0.6653977036476135
0.4198065400123596
0.6489777565002441
0.45260804891586304
0.6830175518989563
0.4375046491622925
0.6579164266586304
0.4223209321498871
0.6964821219444275
0.41498976945877075
0.6963499784469604
0.43285083770751953
0.7552227973937988
0.41432684659957886
0.7586333155632019
0.41709816455841064
0.8155080080032349
0.39287662506103516
0.8226330280303955
0.47244349122047424
0.5643617510795593
0.0
0.0
0.4706559181213379
0.5573686957359314
0.0
0.0
0.46327218413352966
0.5545939803123474
0.4579428434371948
0.5924175977706909
0.4450763761997223
0.5741114616394043
0.4530041813850403
0.6377537250518799
0.4168759286403656
0.5964998602867126
0.45895594358444214
0.667138397693634
0.40671050548553467
0.6422293186187744
0.43410319089889526
0.6689625978469849
0.4311205744743347
0.6622173190116882
0.4175182282924652
0.7386537194252014
0.4496006667613983
0.7351114749908447
0.3902263641357422
0.7963818311691284
0.44143423438072205
0.803787887096405
0.0
0.0
0.0
0.0
0.0
0.0
0.0
0.0
0.4782452881336212
0.5484269261360168
0.4456930160522461
0.5676891207695007
0.47352173924446106
0.589094340801239
0.4204877018928528
0.5956321358680725
0.4676975905895233
0.6400109529495239
0.41285818815231323
0.6390555500984192
0.4663282334804535
0.6717087626457214
0.4303038418292999
0.6515589356422424
0.44925594329833984
0.6600129008293152
0.42763766646385193
0.7294743061065674
0.45351752638816833
0.7416903972625732
0.0
0.0
0.0
0.0
0.0
0.0
0.0
0.0
0.0
0.0
0.0
0.0
0.48327457904815674
0.5479763150215149
0.4398883283138275
0.5736362934112549
0.48247402906417847
0.5857147574424744
0.4200436770915985
0.6414716839790344
0.4742378890514374
0.6600428819656372
0.4271114468574524
0.7058207392692566
0.4696005582809448
0.6999717354774475
0.42596498131752014
0.6856533288955688
0.4554666578769684
0.6911430954933167
0.4393182694911957
0.7545583248138428
0.4707934260368347
0.7582025527954102
0.4192472994327545
0.8399026393890381
0.44450998306274414
0.8353940844535828
0.0
0.0
0.0
0.0
0.0
0.0
0.4767264127731323
0.5691937208175659
0.49424847960472107
0.5746455788612366
0.46135473251342773
0.6025803089141846
0.4952433705329895
0.6152817606925964
0.0
0.0
0.494729220867157
0.67539381980896
0.0
0.0
0.5070767998695374
0.7126883268356323
0.4555882215499878
0.6963180303573608
0.4833018481731415
0.7024961709976196
0.4451742172241211
0.7480502724647522
0.5058231353759766
0.7583082318305969
0.4288408160209656
0.8192113637924194
0.5092216730117798
0.8351569175720215
0.0
0.0
0.0
0.0
0.0
0.0
0.48271116614341736
0.6023309826850891
0.5010195970535278
0.6066067814826965
0.4695051908493042
0.6332318186759949
0.5047969222068787
0.6480664014816284
0.4495193362236023
0.670470654964447
0.5175760388374329
0.6963668465614319
0.0
0.0
0.5272403359413147
0.720980167388916
0.4645709991455078
0.7248227596282959
0.49213486909866333
0.7332888841629028
0.4620790481567383
0.765354573726654
0.5185031890869141
0.7829962968826294
0.44252899289131165
0.8318178057670593
0.5280635952949524
0.859117865562439
0.0
0.0
0.0
0.0
0.0
0.0
0.4784585237503052
0.6000829935073853
0.4970041811466217
0.6032373309135437
0.4667889177799225
0.629371166229248
0.5028350353240967
0.6408545970916748
0.0
0.0
0.518326997756958
0.6808371543884277
0.0
0.0
0.5172595977783203
0.6874052286148071
0.46462544798851013
0.7284491658210754
0.49334627389907837
0.7364455461502075
0.45892956852912903
0.7571145296096802
0.5187526345252991
0.779123842716217
0.4313773214817047
0.8246009945869446
0.5284384489059448
0.8617753982543945
0.0
0.0
0.0
0.0
0.0
0.0
0.45249584317207336
0.5739262700080872
0.4678904116153717
0.5673916339874268
0.44728323817253113
0.605485737323761
0.48183315992355347
0.6007139086723328
0.0
0.0
0.501679539680481
0.6416429281234741
0.0
0.0
0.4846004545688629
0.6606183052062988
0.45886117219924927
0.6930740475654602
0.4873465597629547
0.6921425461769104
0.4409795105457306
0.7547095417976379
0.49843814969062805
0.7635171413421631
0.4284491539001465
0.8233739733695984
0.5210074186325073
0.8466110229492188
0.0
0.0
0.0
0.0
0.0
0.0
0.43348896503448486
0.5682884454727173
0.4499073028564453
0.5592995285987854
0.43106719851493835
0.6029597520828247
0.4669864773750305
0.5898426175117493
0.0
0.0
0.48511606454849243
0.626365602016449
0.0
0.0
0.0
0.0
0.4473511278629303
0.687744677066803
0.47424763441085815
0.6812131404876709
0.4459632933139801
0.7562811970710754
0.48645031452178955
0.7456851601600647
0.448835551738739
0.8245456218719482
0.5031622648239136
0.814877450466156
0.0
0.0
0.0
0.0
0.0
0.0
0.43348896503448486
0.5682884454727173
0.4499073028564453
0.5592995285987854
0.43106719851493835
0.6029597520828247
0.4669864773750305
0.5898426175117493
0.0
0.0
0.48511606454849243
0.626365602016449
0.0
0.0
0.0
0.0
0.4473511278629303
0.687744677066803
0.47424763441085815
0.6812131404876709
0.4459632933139801
0.7562811970710754
0.48645031452178955
0.7456851601600647
0.448835551738739
0.8245456218719482
0.5031622648239136
0.814877450466156
0.0
0.0
0.0
0.0
0.0
0.0
0.43348896503448486
0.5682884454727173
0.4499073028564453
0.5592995285987854
0.43106719851493835
0.6029597520828247
0.4669864773750305
0.5898426175117493
0.0
0.0
0.48511606454849243
0.626365602016449
0.0
0.0
0.0
0.0
0.4473511278629303
0.687744677066803
0.47424763441085815
0.6812131404876709
0.4459632933139801
0.7562811970710754
0.48645031452178955
0.7456851601600647
0.448835551738739
0.8245456218719482
0.5031622648239136
0.814877450466156
0.0
0.0
0.0
0.0
0.0
0.0
0.43348896503448486
0.5682884454727173
0.4499073028564453
0.5592995285987854
0.43106719851493835
0.6029597520828247
0.4669864773750305
0.5898426175117493
0.0
0.0
0.48511606454849243
0.626365602016449
0.0
0.0
0.0
0.0
0.4473511278629303
0.687744677066803
0.47424763441085815
0.6812131404876709
0.4459632933139801
0.7562811970710754
0.48645031452178955
0.7456851601600647
0.448835551738739
0.8245456218719482
0.5031622648239136
0.814877450466156
0.0
0.0
0.0
0.0
0.0
0.0
0.43348896503448486
0.5682884454727173
0.4499073028564453
0.5592995285987854
0.43106719851493835
0.6029597520828247
0.4669864773750305
0.5898426175117493
0.0
0.0
0.48511606454849243
0.626365602016449
0.0
0.0
0.0
0.0
0.4473511278629303
0.687744677066803
0.47424763441085815
0.6812131404876709
0.4459632933139801
0.7562811970710754
0.48645031452178955
0.7456851601600647
0.448835551738739
0.8245456218719482
0.5031622648239136
0.814877450466156
0.0
0.0
0.0
0.0
0.0
0.0
0.43348896503448486
0.5682884454727173
0.4499073028564453
0.5592995285987854
0.43106719851493835
0.6029597520828247
0.4669864773750305
0.5898426175117493
0.0
0.0
0.48511606454849243
0.626365602016449
0.0
0.0
0.0
0.0
0.4473511278629303
0.687744677066803
0.47424763441085815
0.6812131404876709
0.4459632933139801
0.7562811970710754
0.48645031452178955
0.7456851601600647
0.448835551738739
0.8245456218719482
0.5031622648239136
0.814877450466156
0.0
0.0
0.0
0.0
0.0
0.0
0.43348896503448486
0.5682884454727173
0.4499073028564453
0.5592995285987854
0.43106719851493835
0.6029597520828247
0.4669864773750305
0.5898426175117493
0.0
0.0
0.48511606454849243
0.626365602016449
0.0
0.0
0.0
0.0
0.4473511278629303
0.687744677066803
0.47424763441085815
0.6812131404876709
0.4459632933139801
0.7562811970710754
0.48645031452178955
0.7456851601600647
0.448835551738739
0.8245456218719482
0.5031622648239136
0.814877450466156
0.0
0.0
0.0
0.0
0.0
0.0
0.4226771593093872
0.5143488049507141
0.0
0.0
0.423348993062973
0.5362855195999146
0.44752565026283264
0.5344219207763672
0.4129544198513031
0.5682182908058167
0.0
0.0
0.4049319624900818
0.5969856381416321
0.0
0.0
0.4433557391166687
0.6025874614715576
0.46128225326538086
0.5999475121498108
0.421964555978775
0.6372841596603394
0.45927876234054565
0.6276613473892212
0.42469626665115356
0.691969633102417
0.46571969985961914
0.6704763770103455
0.0
0.0
0.0
0.0
0.0
0.0
0.42821913957595825
0.49089813232421875
0.44484367966651917
0.48896053433418274
0.42741113901138306
0.5196356773376465
0.45540523529052734
0.5189134478569031
0.4192814528942108
0.5524685382843018
0.46790415048599243
0.5583257079124451
0.4044589400291443
0.5770543813705444
0.47116634249687195
0.5973308086395264
0.44046658277511597
0.5969471335411072
0.456731915473938
0.5951423048973083
0.4224920868873596
0.633981466293335
0.43265676498413086
0.6338454484939575
0.44412434101104736
0.67192542552948
0.4356841444969177
0.6733426451683044
0.0
0.0
0.0
0.0
0.0
0.0
0.44362741708755493
0.45485374331474304
0.45966941118240356
0.45540881156921387
0.43582239747047424
0.4874161183834076
0.46799927949905396
0.4906269907951355
0.42223435640335083
0.5211086273193359
0.47545966506004333
0.542887806892395
0.4134051203727722
0.5404294729232788
0.47688764333724976
0.582208514213562
0.4371054768562317
0.5780124664306641
0.45564377307891846
0.5766123533248901
0.4328237473964691
0.6323167681694031
0.43948060274124146
0.6265276670455933
0.45263099670410156
0.683152437210083
0.4359593689441681
0.6723080277442932
0.0
0.0
0.0
0.0
0.0
0.0
0.45481300354003906
0.44749578833580017
0.46923312544822693
0.44943496584892273
0.4427368938922882
0.48015791177749634
0.47426843643188477
0.4878707230091095
0.42269182205200195
0.5135208964347839
0.47899380326271057
0.5375273823738098
0.42021477222442627
0.5258631110191345
0.4812237620353699
0.5748342871665955
0.4421440660953522
0.5704180598258972
0.46046575903892517
0.5734425783157349
0.4424882233142853
0.6268233060836792
0.4487675726413727
0.63175368309021
0.45668360590934753
0.6726988554000854
0.4465940594673157
0.6797696948051453
0.0
0.0
0.0
0.0
0.0
0.0
0.0
0.0
0.47734007239341736
0.4507845342159271
0.44996535778045654
0.4768752455711365
0.47970619797706604
0.49054136872291565
0.42999857664108276
0.4990418553352356
0.48454055190086365
0.5396481156349182
0.4245559573173523
0.5273105502128601
0.4894125759601593
0.5642923712730408
0.44924622774124146
0.5660368204116821
0.4673977494239807
0.5703290104866028
0.45227763056755066
0.6313042044639587
0.46621426939964294
0.6273034811019897
0.4600004255771637
0.6928447484970093
0.4656902253627777
0.6768255829811096
0.4880542755126953
0.45513051748275757
0.0
0.0
0.48582810163497925
0.44996094703674316
0.0
0.0
0.4797676205635071
0.45719897747039795
0.4560045301914215
0.4849075973033905
0.48431217670440674
0.49608492851257324
0.4342018663883209
0.5074365735054016
0.4901987910270691
0.540305495262146
0.42576515674591064
0.5413843393325806
0.494123637676239
0.5563231110572815
0.45491474866867065
0.5743921995162964
0.4735972583293915
0.5777466893196106
0.45822057127952576
0.6360861659049988
0.48422515392303467
0.6314007639884949
0.4614161252975464
0.707076370716095
0.4900785982608795
0.6896591782569885
