[[    0.41595     0.58379]
 [    0.41951     0.57614]
 [          0           0]
 [    0.43005     0.57762]
 [          0           0]
 [    0.42736     0.62341]
 [    0.46063     0.61143]
 [    0.42298     0.69018]
 [    0.47814     0.66537]
 [    0.41515     0.73193]
 [          0           0]
 [    0.44469     0.72411]
 [    0.46693     0.71727]
 [     0.4501     0.80216]
 [    0.47582     0.78945]
 [    0.47136     0.87876]
 [    0.48701     0.85954]]
[[    0.42157     0.57656]
 [    0.42507      0.5689]
 [          0           0]
 [    0.43478      0.5701]
 [          0           0]
 [    0.43134     0.61788]
 [    0.46678     0.60444]
 [    0.42566     0.68529]
 [    0.47908     0.65865]
 [    0.41935     0.72845]
 [          0           0]
 [    0.44567      0.7238]
 [    0.47059     0.71503]
 [    0.45084     0.79717]
 [    0.48013     0.77843]
 [    0.46778     0.87574]
 [     0.4953     0.84686]]
[[     0.4294     0.56328]
 [    0.43218     0.55572]
 [          0           0]
 [    0.44117     0.55514]
 [          0           0]
 [    0.43921     0.60303]
 [    0.47512     0.58579]
 [    0.42844     0.66243]
 [          0           0]
 [    0.41987     0.67448]
 [          0           0]
 [    0.45399     0.71134]
 [    0.47876     0.70023]
 [    0.45734     0.78772]
 [    0.48355      0.7635]
 [    0.46584     0.86571]
 [    0.49229     0.83131]]
[[    0.43409     0.56139]
 [    0.43755      0.5546]
 [          0           0]
 [     0.4464     0.55499]
 [          0           0]
 [    0.44523     0.59757]
 [     0.4785     0.58156]
 [    0.43971     0.65196]
 [          0           0]
 [    0.43194     0.66042]
 [          0           0]
 [    0.45833      0.7031]
 [    0.48152     0.69157]
 [    0.46042     0.78269]
 [    0.48395     0.75509]
 [    0.46753     0.86305]
 [     0.4871     0.81991]]
[[     0.4417     0.55846]
 [    0.44606     0.55067]
 [          0           0]
 [    0.45761     0.55375]
 [          0           0]
 [    0.45736     0.59462]
 [    0.47961      0.5876]
 [    0.46175     0.65191]
 [          0           0]
 [    0.45059     0.65441]
 [          0           0]
 [    0.46929      0.6864]
 [     0.4859     0.68097]
 [     0.4504     0.75839]
 [    0.48248     0.75327]
 [    0.46631     0.83444]
 [    0.48493     0.83078]]
[[    0.44349     0.54811]
 [    0.44715     0.53986]
 [          0           0]
 [    0.45796     0.54033]
 [          0           0]
 [    0.45519     0.58362]
 [    0.48349     0.57249]
 [    0.45918     0.64193]
 [    0.50227     0.61687]
 [    0.45319     0.64417]
 [    0.49587     0.65123]
 [    0.46746     0.67909]
 [    0.48773     0.67313]
 [     0.4458     0.74825]
 [    0.48277     0.74548]
 [    0.46519     0.81962]
 [    0.48752     0.82656]]
[[    0.44244     0.52923]
 [    0.44609     0.52304]
 [          0           0]
 [    0.45754     0.52552]
 [          0           0]
 [    0.45454     0.56842]
 [    0.48417     0.55256]
 [    0.45223     0.61842]
 [    0.50548     0.59357]
 [    0.45273     0.62438]
 [    0.50636     0.63766]
 [    0.46666     0.66516]
 [    0.48846     0.65606]
 [     0.4455     0.73206]
 [    0.48861     0.72021]
 [    0.44598     0.80455]
 [    0.49281     0.79701]]
[[          0           0]
 [          0           0]
 [          0           0]
 [    0.45032     0.52773]
 [          0           0]
 [    0.44991     0.57121]
 [    0.48445     0.55547]
 [      0.449     0.62608]
 [    0.50495      0.5982]
 [    0.45413     0.63247]
 [    0.50944      0.6434]
 [    0.46274     0.66478]
 [    0.48993     0.65701]
 [    0.44327      0.7286]
 [    0.49493     0.72053]
 [    0.42821     0.80365]
 [    0.50469     0.80195]]
[[          0           0]
 [          0           0]
 [          0           0]
 [    0.45493     0.55367]
 [    0.47244     0.54984]
 [    0.44961     0.59521]
 [    0.48508     0.58626]
 [    0.44394     0.64876]
 [      0.501     0.63535]
 [    0.45704     0.66263]
 [    0.51043     0.66748]
 [    0.45768     0.68844]
 [    0.48802     0.68358]
 [     0.4359      0.7468]
 [    0.50663     0.73895]
 [    0.41612     0.81586]
 [    0.52123     0.80851]]
[[          0           0]
 [          0           0]
 [          0           0]
 [     0.4636     0.57809]
 [    0.48127     0.57776]
 [     0.4552     0.61601]
 [    0.49125     0.61594]
 [    0.44572     0.66611]
 [    0.50374     0.66991]
 [    0.44888     0.70146]
 [    0.51397     0.70761]
 [    0.45761     0.70963]
 [    0.48829     0.70831]
 [    0.43684     0.74569]
 [    0.50968     0.74127]
 [    0.41897     0.81629]
 [    0.52134     0.80874]]
[[          0           0]
 [          0           0]
 [          0           0]
 [    0.49299     0.58743]
 [    0.51127     0.58964]
 [    0.48023     0.62395]
 [    0.51587     0.62813]
 [    0.46447     0.66989]
 [    0.52481     0.68725]
 [    0.46946     0.68596]
 [    0.53262     0.72461]
 [    0.47564     0.71872]
 [    0.50584     0.71916]
 [    0.45277     0.74447]
 [     0.5246     0.73808]
 [    0.42256     0.81527]
 [    0.52515     0.80385]]
[[          0           0]
 [          0           0]
 [          0           0]
 [    0.51677     0.58186]
 [    0.53368      0.5856]
 [    0.50195     0.61762]
 [    0.53708     0.62713]
 [    0.48292     0.65624]
 [    0.54487     0.68662]
 [    0.49315     0.66584]
 [     0.5515     0.71844]
 [    0.49372     0.71056]
 [    0.52125     0.71334]
 [    0.47188     0.75246]
 [    0.52911     0.74835]
 [    0.43949     0.81733]
 [    0.52245     0.80497]]
[[          0           0]
 [          0           0]
 [          0           0]
 [          0           0]
 [    0.56388     0.57748]
 [    0.53059     0.60231]
 [    0.56037     0.62064]
 [    0.51128     0.62505]
 [    0.56098     0.67878]
 [          0           0]
 [          0           0]
 [    0.52166     0.69786]
 [    0.54196     0.70351]
 [    0.51568     0.76057]
 [    0.54177     0.75823]
 [    0.50682     0.82156]
 [    0.52742     0.80762]]
[[          0           0]
 [          0           0]
 [          0           0]
 [          0           0]
 [     0.5833     0.58782]
 [    0.55207     0.60541]
 [    0.57181     0.62686]
 [          0           0]
 [    0.56619     0.68624]
 [          0           0]
 [    0.57772     0.72286]
 [    0.53427     0.69354]
 [    0.54742     0.70513]
 [     0.5533     0.74885]
 [    0.56126     0.76324]
 [     0.5493     0.81164]
 [    0.54986     0.82715]]
[[          0           0]
 [          0           0]
 [          0           0]
 [          0           0]
 [    0.60836     0.61259]
 [    0.58108     0.62974]
 [     0.5947     0.64265]
 [          0           0]
 [     0.5862     0.68853]
 [          0           0]
 [    0.58829     0.72776]
 [    0.55839       0.726]
 [    0.57096     0.73291]
 [     0.5832     0.77284]
 [    0.60837     0.78023]
 [    0.56352     0.83737]
 [     0.6199     0.84713]]
[[          0           0]
 [          0           0]
 [          0           0]
 [          0           0]
 [    0.62311     0.63282]
 [    0.60063     0.64136]
 [    0.60827     0.66827]
 [          0           0]
 [    0.59378      0.7209]
 [          0           0]
 [    0.61015     0.76336]
 [    0.57753     0.73482]
 [    0.58895     0.74924]
 [    0.58816     0.78473]
 [    0.62901     0.80791]
 [    0.56088      0.8416]
 [    0.65905     0.87611]]
[[          0           0]
 [          0           0]
 [          0           0]
 [          0           0]
 [    0.65554     0.66184]
 [    0.63761     0.68131]
 [    0.63973     0.69852]
 [          0           0]
 [    0.61661     0.74657]
 [          0           0]
 [    0.63915     0.77849]
 [    0.61737     0.78015]
 [    0.62876     0.79593]
 [     0.6014     0.80899]
 [    0.66576     0.85547]
 [    0.56999     0.83945]
 [    0.69259     0.91828]]
[[          0           0]
 [          0           0]
 [          0           0]
 [          0           0]
 [    0.68237      0.6939]
 [    0.66161     0.69443]
 [    0.67054     0.73151]
 [    0.64206      0.6699]
 [    0.65352     0.76613]
 [    0.63117     0.63906]
 [    0.65708     0.79924]
 [    0.63982     0.80147]
 [    0.65319     0.82086]
 [    0.62788     0.84638]
 [    0.68297     0.89002]
 [    0.57875     0.89082]
 [    0.70532     0.95875]]
[[          0           0]
 [          0           0]
 [          0           0]
 [          0           0]
 [    0.71377     0.75531]
 [    0.68592     0.75518]
 [    0.70231     0.79224]
 [    0.66149     0.75097]
 [    0.69352     0.82743]
 [    0.64043     0.74956]
 [    0.69934     0.86983]
 [    0.65926     0.85009]
 [    0.67591     0.87156]
 [    0.65613     0.86727]
 [    0.71002     0.91554]
 [    0.60403     0.89979]
 [    0.71882       0.971]]
[[          0           0]
 [          0           0]
 [          0           0]
 [          0           0]
 [    0.72705     0.78622]
 [    0.70226     0.77485]
 [    0.71777     0.82695]
 [    0.67673     0.76662]
 [    0.73771     0.88326]
 [    0.65598     0.78473]
 [    0.76219      0.9056]
 [    0.66653     0.85205]
 [    0.67962     0.87832]
 [    0.66992     0.86142]
 [    0.71651      0.9136]
 [    0.62416     0.89808]
 [    0.72089     0.96511]]
[[          0           0]
 [          0           0]
 [          0           0]
 [          0           0]
 [    0.73856     0.77021]
 [    0.70156     0.76143]
 [    0.72881     0.81578]
 [    0.67076     0.76395]
 [    0.74055      0.8715]
 [    0.65454     0.79864]
 [    0.76283     0.89917]
 [    0.66504     0.85283]
 [    0.68612     0.88012]
 [    0.66329     0.86309]
 [    0.71912     0.91406]
 [     0.6354     0.91306]
 [    0.72129     0.97627]]
[[          0           0]
 [          0           0]
 [          0           0]
 [          0           0]
 [    0.73494     0.74747]
 [    0.69543     0.74075]
 [    0.72506      0.7983]
 [     0.6607      0.7475]
 [    0.71781     0.85499]
 [    0.65026     0.78951]
 [    0.71454     0.87679]
 [    0.65961     0.84006]
 [     0.6826     0.86947]
 [    0.67367     0.85283]
 [    0.71883     0.90621]
 [    0.63894     0.91945]
 [    0.72032     0.98024]]
[[          0           0]
 [          0           0]
 [          0           0]
 [     0.6948     0.69103]
 [    0.71478     0.70931]
 [    0.67527      0.7127]
 [    0.71061     0.75945]
 [    0.64181     0.72575]
 [    0.69936     0.81115]
 [    0.63111     0.76602]
 [          0           0]
 [    0.65468     0.81727]
 [    0.68084     0.84063]
 [    0.66401     0.85649]
 [    0.70681     0.89921]
 [    0.64348     0.92481]
 [    0.71417      0.9714]]
[[          0           0]
 [          0           0]
 [          0           0]
 [    0.67507      0.6664]
 [    0.69364     0.68065]
 [    0.65754     0.68819]
 [    0.68986     0.73305]
 [    0.62067     0.70244]
 [    0.67644     0.78676]
 [     0.6152     0.75329]
 [          0           0]
 [    0.63929     0.80606]
 [    0.66427     0.82862]
 [    0.65406      0.8558]
 [    0.69779     0.89663]
 [    0.62863     0.93438]
 [    0.71088     0.97951]]
[[          0           0]
 [          0           0]
 [          0           0]
 [    0.64753     0.63417]
 [    0.66722      0.6398]
 [    0.63351     0.66836]
 [    0.66595     0.68997]
 [    0.60814     0.70217]
 [    0.66817     0.75201]
 [          0           0]
 [    0.66188     0.75424]
 [    0.62476      0.7879]
 [    0.64824     0.79746]
 [    0.63582     0.86337]
 [    0.67033     0.87471]
 [    0.61825     0.95018]
 [    0.67365     0.95725]]
[[          0           0]
 [          0           0]
 [          0           0]
 [          0           0]
 [    0.65442     0.61717]
 [    0.61749      0.6443]
 [    0.65458     0.66437]
 [     0.5976     0.67631]
 [    0.65937     0.72018]
 [          0           0]
 [          0           0]
 [    0.61225     0.76218]
 [    0.63574     0.77112]
 [    0.62616     0.84451]
 [    0.64233     0.85476]
 [    0.62111     0.93416]
 [    0.63053     0.93965]]
[[          0           0]
 [          0           0]
 [          0           0]
 [          0           0]
 [    0.63318      0.6052]
 [    0.59412     0.64058]
 [    0.63888     0.64833]
 [    0.58276     0.68572]
 [    0.64247     0.71644]
 [          0           0]
 [          0           0]
 [    0.59692     0.75914]
 [    0.62866     0.75894]
 [    0.60584     0.82643]
 [    0.64766     0.80403]
 [    0.59861     0.91382]
 [    0.63377     0.86393]]
[[          0           0]
 [          0           0]
 [          0           0]
 [          0           0]
 [    0.62047     0.61368]
 [    0.58544     0.64945]
 [    0.62574     0.65496]
 [    0.56477     0.69356]
 [    0.64568     0.70654]
 [    0.55457     0.73803]
 [    0.66304     0.72314]
 [    0.58307     0.75928]
 [    0.61132     0.76104]
 [    0.58576     0.81607]
 [    0.63631     0.81062]
 [    0.56667     0.89597]
 [    0.63691     0.87823]]
[[          0           0]
 [          0           0]
 [          0           0]
 [    0.58736      0.6106]
 [    0.60579     0.61875]
 [    0.57057     0.64183]
 [    0.60797     0.66269]
 [    0.54912     0.69703]
 [    0.60913     0.72132]
 [    0.53532     0.73699]
 [    0.60592     0.76815]
 [    0.56511     0.74814]
 [    0.59078     0.76261]
 [    0.55591      0.8013]
 [    0.58516     0.84563]
 [    0.53222      0.8531]
 [    0.57892     0.92612]]
[[          0           0]
 [          0           0]
 [          0           0]
 [    0.57632     0.60469]
 [    0.59291     0.61442]
 [    0.55685     0.63517]
 [    0.59515     0.66222]
 [    0.53603     0.67858]
 [    0.59648     0.72056]
 [    0.52524     0.71757]
 [    0.59848     0.76764]
 [    0.55027     0.74304]
 [    0.57773     0.75965]
 [    0.54047     0.80297]
 [    0.57838     0.84741]
 [    0.52092     0.86634]
 [    0.57746     0.93765]]
[[          0           0]
 [          0           0]
 [          0           0]
 [          0           0]
 [    0.57864     0.60056]
 [    0.54343     0.62392]
 [    0.57885       0.649]
 [    0.51769     0.65381]
 [    0.58275     0.71024]
 [    0.51772     0.66267]
 [    0.58722     0.74036]
 [    0.53216      0.7304]
 [    0.55717     0.74293]
 [    0.52815     0.79811]
 [    0.56759     0.81758]
 [    0.51871     0.87277]
 [    0.56694     0.89735]]
[[          0           0]
 [          0           0]
 [          0           0]
 [          0           0]
 [    0.57009     0.58219]
 [    0.53645     0.61055]
 [    0.56756     0.62665]
 [    0.51134     0.63754]
 [     0.5759     0.68079]
 [    0.52054     0.65108]
 [    0.58071     0.70849]
 [    0.52741     0.71982]
 [    0.54895     0.72726]
 [    0.52707     0.79362]
 [    0.56114     0.80205]
 [    0.51737     0.87571]
 [    0.55463     0.88405]]
[[          0           0]
 [          0           0]
 [          0           0]
 [          0           0]
 [    0.56241     0.56667]
 [      0.531     0.59349]
 [    0.55942     0.60996]
 [    0.50517     0.60791]
 [    0.56459     0.66759]
 [    0.52291     0.61261]
 [    0.57551      0.7083]
 [    0.52432     0.70918]
 [    0.54263     0.71503]
 [    0.52521     0.79332]
 [    0.55008     0.78838]
 [    0.51857      0.8725]
 [     0.5395     0.85754]]
[[          0           0]
 [          0           0]
 [          0           0]
 [          0           0]
 [    0.56191     0.56055]
 [    0.52827     0.58508]
 [    0.56034     0.60696]
 [    0.50474     0.60028]
 [    0.56218     0.67395]
 [    0.52041     0.60583]
 [    0.57471     0.70883]
 [    0.52247     0.69965]
 [     0.5434     0.70648]
 [    0.52133     0.78381]
 [    0.54527     0.77683]
 [    0.51862     0.86516]
 [    0.53978     0.84246]]
[[          0           0]
 [          0           0]
 [          0           0]
 [          0           0]
 [    0.56124     0.55533]
 [    0.52724     0.58279]
 [     0.5586     0.60035]
 [    0.50422     0.60809]
 [    0.56153     0.66581]
 [    0.51576     0.62272]
 [    0.57429     0.69159]
 [     0.5214     0.69292]
 [    0.54191     0.69625]
 [    0.51839       0.774]
 [    0.53952      0.7591]
 [    0.51861     0.85473]
 [    0.53891     0.82006]]
[[          0           0]
 [          0           0]
 [          0           0]
 [          0           0]
 [    0.56264     0.56002]
 [    0.52663     0.58253]
 [    0.55947     0.60504]
 [    0.50269     0.61626]
 [    0.56227     0.66769]
 [    0.50211     0.65117]
 [    0.57649     0.67969]
 [    0.51972     0.69075]
 [    0.54146      0.6975]
 [    0.51219     0.76377]
 [    0.53873     0.75958]
 [    0.51613     0.84436]
 [    0.53813     0.82288]]
[[          0           0]
 [          0           0]
 [          0           0]
 [          0           0]
 [    0.55867     0.55685]
 [     0.5241      0.5781]
 [    0.55882     0.60118]
 [    0.50298     0.60937]
 [    0.56435     0.65819]
 [    0.48569     0.65403]
 [    0.57565     0.66185]
 [    0.51769     0.68572]
 [    0.54045     0.69345]
 [    0.50381     0.75059]
 [    0.53742     0.75153]
 [    0.51164     0.83336]
 [    0.53621     0.81768]]
[[    0.56294      0.5488]
 [          0           0]
 [    0.56065     0.54165]
 [          0           0]
 [    0.55188     0.54362]
 [    0.52173     0.56856]
 [    0.55573     0.58903]
 [    0.50066     0.60118]
 [    0.55652     0.64386]
 [     0.4841     0.64823]
 [     0.5588     0.64777]
 [    0.51726     0.67551]
 [    0.54042      0.6826]
 [    0.50199     0.74106]
 [    0.53873      0.7445]
 [     0.5066     0.82234]
 [    0.53579     0.81315]]
[[          0           0]
 [          0           0]
 [          0           0]
 [          0           0]
 [    0.54804     0.52784]
 [    0.51725     0.55503]
 [    0.55351     0.57049]
 [    0.49714     0.58695]
 [    0.55964     0.62351]
 [    0.48423     0.63172]
 [    0.55579     0.64148]
 [    0.51419     0.66024]
 [    0.53941     0.66508]
 [    0.49681     0.72879]
 [    0.53981     0.72867]
 [    0.48559     0.81394]
 [    0.54088     0.79931]]
[[          0           0]
 [          0           0]
 [          0           0]
 [          0           0]
 [    0.54148      0.5306]
 [     0.5123     0.56554]
 [    0.54848      0.5753]
 [    0.49225     0.60343]
 [    0.55236     0.62846]
 [    0.48002     0.64412]
 [          0           0]
 [    0.51019     0.66737]
 [    0.53806     0.66818]
 [    0.49292     0.73216]
 [    0.54197     0.72598]
 [    0.47488     0.80856]
 [    0.54986      0.7889]]
[[          0           0]
 [          0           0]
 [          0           0]
 [    0.50947     0.55638]
 [    0.52698      0.5562]
 [    0.50452     0.59648]
 [    0.54019     0.59832]
 [    0.49126     0.64524]
 [    0.54706     0.65039]
 [    0.47579     0.67891]
 [          0           0]
 [    0.50662     0.69375]
 [    0.53588     0.69174]
 [    0.48048     0.74604]
 [    0.54248      0.7442]
 [    0.46601     0.81325]
 [    0.55731     0.80883]]
[[          0           0]
 [          0           0]
 [          0           0]
 [     0.4964     0.57274]
 [    0.51572     0.57093]
 [    0.49278     0.61219]
 [    0.52826     0.61212]
 [     0.4828     0.65982]
 [    0.53688     0.66647]
 [    0.46896     0.68616]
 [          0           0]
 [     0.4998     0.70926]
 [    0.52954     0.70736]
 [    0.47554     0.74965]
 [    0.54129     0.74542]
 [    0.46615     0.81829]
 [    0.55937     0.80886]]
[[          0           0]
 [          0           0]
 [          0           0]
 [    0.47031     0.57662]
 [    0.48733     0.57383]
 [     0.4682      0.6157]
 [    0.50091     0.61391]
 [    0.45904     0.65937]
 [    0.51064     0.66297]
 [    0.44207     0.68252]
 [          0           0]
 [    0.48075     0.71413]
 [    0.50783     0.71185]
 [    0.45898     0.75392]
 [    0.52391     0.74597]
 [    0.46076     0.81862]
 [    0.55222     0.80111]]
[[          0           0]
 [          0           0]
 [          0           0]
 [    0.45002     0.57834]
 [          0           0]
 [    0.45283     0.61664]
 [    0.47855     0.61036]
 [    0.44673     0.65755]
 [          0           0]
 [    0.43881     0.67141]
 [          0           0]
 [    0.47045     0.70823]
 [     0.4923     0.70371]
 [    0.45182     0.75939]
 [    0.50012     0.75077]
 [    0.45911     0.82209]
 [     0.5227     0.80946]]
[[          0           0]
 [          0           0]
 [          0           0]
 [    0.42369     0.59375]
 [          0           0]
 [    0.43824     0.62403]
 [    0.43125     0.63262]
 [     0.4543     0.66279]
 [          0           0]
 [    0.44136     0.70301]
 [          0           0]
 [    0.45523     0.71577]
 [    0.45209      0.7193]
 [    0.43928     0.77092]
 [    0.44242     0.77751]
 [    0.46018     0.83204]
 [       0.47     0.83585]]
[[          0           0]
 [          0           0]
 [          0           0]
 [    0.40079     0.61452]
 [          0           0]
 [    0.41991     0.64143]
 [    0.41155     0.65158]
 [    0.44265      0.6793]
 [    0.41758     0.69928]
 [    0.42794     0.72393]
 [    0.40366     0.73181]
 [    0.44246     0.72984]
 [    0.43259     0.73224]
 [    0.44334     0.78325]
 [    0.40259      0.7852]
 [    0.47851     0.84877]
 [    0.39994     0.84608]]
[[          0           0]
 [          0           0]
 [          0           0]
 [    0.37094     0.63812]
 [          0           0]
 [    0.38344     0.67476]
 [     0.4044     0.65567]
 [    0.38701     0.72831]
 [          0           0]
 [    0.37404     0.75207]
 [          0           0]
 [    0.41426     0.76116]
 [    0.42928     0.75039]
 [    0.38427     0.79846]
 [    0.41065     0.78269]
 [    0.39963     0.84778]
 [    0.43094     0.83085]]
[[          0           0]
 [          0           0]
 [          0           0]
 [    0.35347     0.65659]
 [          0           0]
 [    0.36281     0.68808]
 [    0.38303     0.67055]
 [    0.36674     0.72223]
 [    0.41186     0.68233]
 [    0.36309     0.75169]
 [    0.42648     0.71625]
 [    0.39287      0.7589]
 [    0.40592     0.74986]
 [    0.36295      0.8152]
 [    0.38403     0.80332]
 [    0.37978     0.85195]
 [    0.41068     0.84128]]
[[    0.32405     0.69367]
 [          0           0]
 [          0           0]
 [    0.33423     0.68837]
 [          0           0]
 [    0.35717     0.70687]
 [    0.32619     0.71918]
 [     0.3932     0.71384]
 [     0.3322     0.76031]
 [    0.39249     0.75798]
 [    0.34115     0.76782]
 [    0.36976     0.78498]
 [    0.35735     0.78433]
 [    0.33525     0.85474]
 [    0.36779     0.83164]
 [    0.31617     0.92105]
 [    0.40999     0.86328]]
[[    0.30972     0.72292]
 [    0.31264     0.71656]
 [          0           0]
 [          0           0]
 [          0           0]
 [    0.33764     0.73006]
 [    0.30676     0.73943]
 [    0.36677     0.73609]
 [    0.30854     0.78565]
 [    0.37156      0.7782]
 [    0.31744     0.79812]
 [    0.35058     0.81044]
 [    0.33891     0.80617]
 [    0.31892     0.89058]
 [    0.35635     0.84704]
 [    0.29161     0.97021]
 [     0.3977     0.87507]]
[[    0.27814     0.77047]
 [    0.28031     0.76234]
 [    0.27337     0.76611]
 [          0           0]
 [    0.26861     0.77468]
 [     0.2986      0.7841]
 [    0.26944     0.81656]
 [    0.33276     0.78268]
 [    0.26092     0.85828]
 [    0.34822     0.80247]
 [    0.26131     0.86016]
 [    0.32314     0.85748]
 [    0.31025     0.87159]
 [    0.29266     0.90925]
 [      0.314     0.91966]
 [    0.30049     0.93128]
 [    0.35484     0.92647]]
[[    0.26376     0.81086]
 [    0.26565     0.80163]
 [          0           0]
 [    0.27108     0.78968]
 [          0           0]
 [    0.29186     0.79225]
 [    0.26104     0.82621]
 [    0.32374     0.79137]
 [    0.24857     0.86441]
 [    0.34391     0.81785]
 [    0.23143     0.90121]
 [    0.31799     0.85257]
 [    0.30347     0.86722]
 [    0.29002     0.89764]
 [    0.30372     0.90626]
 [    0.31653     0.91655]
 [    0.35917     0.90941]]
[[    0.25947      0.8012]
 [    0.26169     0.79037]
 [          0           0]
 [    0.26879     0.77832]
 [          0           0]
 [    0.29304     0.78621]
 [    0.25916     0.81798]
 [    0.32818     0.79659]
 [    0.25178     0.86488]
 [    0.34488     0.83691]
 [    0.23608     0.90155]
 [    0.32161     0.85326]
 [    0.30342     0.86484]
 [    0.28099     0.89606]
 [    0.28347     0.90208]
 [    0.29528     0.93769]
 [     0.3164     0.92815]]
[[    0.26045     0.76667]
 [    0.26238     0.75777]
 [          0           0]
 [    0.27099     0.75093]
 [          0           0]
 [    0.29188     0.76522]
 [    0.27138     0.78755]
 [    0.32842     0.77817]
 [    0.26924     0.82766]
 [    0.34696     0.82339]
 [    0.26035     0.82956]
 [    0.32138     0.83986]
 [    0.30943     0.84818]
 [    0.28908     0.89156]
 [    0.28153      0.8995]
 [    0.30497     0.94784]
 [    0.29668      0.9421]]
[[          0           0]
 [          0           0]
 [          0           0]
 [     0.2768     0.70456]
 [          0           0]
 [    0.30218     0.74011]
 [    0.29426     0.73143]
 [    0.33916     0.76333]
 [    0.29242     0.73231]
 [    0.35817      0.8112]
 [    0.28721     0.72598]
 [    0.31933     0.83428]
 [    0.31772     0.82677]
 [    0.28616     0.88741]
 [     0.2909      0.8732]
 [    0.28364     0.95637]
 [    0.30668     0.93007]]
[[          0           0]
 [          0           0]
 [          0           0]
 [    0.29732     0.67325]
 [          0           0]
 [    0.31816     0.70933]
 [    0.30813      0.7091]
 [    0.34553     0.75615]
 [    0.31073     0.76152]
 [    0.35247     0.81279]
 [    0.30308     0.82354]
 [    0.32862     0.81344]
 [    0.32355       0.809]
 [    0.29787     0.87497]
 [    0.29183     0.86569]
 [    0.31307     0.94777]
 [     0.3132     0.93184]]
[[          0           0]
 [          0           0]
 [          0           0]
 [    0.31662     0.63521]
 [          0           0]
 [    0.32563     0.67294]
 [    0.34107     0.66439]
 [    0.33604     0.73587]
 [          0           0]
 [    0.32709     0.79366]
 [          0           0]
 [    0.34164      0.7769]
 [    0.35216     0.77131]
 [    0.31867     0.86103]
 [     0.3229     0.85711]
 [     0.3241     0.94504]
 [    0.31971     0.93968]]
[[          0           0]
 [          0           0]
 [          0           0]
 [    0.33013     0.62203]
 [          0           0]
 [    0.33584      0.6681]
 [    0.36069     0.65487]
 [    0.33922     0.73944]
 [          0           0]
 [     0.3273     0.78403]
 [          0           0]
 [    0.35432     0.77083]
 [    0.36863     0.76412]
 [    0.33657     0.85748]
 [    0.33919     0.85337]
 [    0.35923     0.93322]
 [    0.33075     0.92926]]
[[          0           0]
 [          0           0]
 [          0           0]
 [    0.35311     0.63417]
 [          0           0]
 [    0.35331     0.67653]
 [    0.38643     0.66954]
 [    0.35448     0.73697]
 [    0.40529      0.7239]
 [    0.34023     0.76816]
 [          0           0]
 [    0.37448      0.7808]
 [    0.39541     0.77797]
 [    0.36589     0.86856]
 [    0.38042     0.86645]
 [     0.3921     0.94776]
 [    0.39365     0.94665]]
[[          0           0]
 [          0           0]
 [          0           0]
 [    0.36751     0.64299]
 [          0           0]
 [    0.37259     0.68172]
 [    0.40082      0.6717]
 [    0.37121      0.7323]
 [    0.39586     0.70997]
 [    0.35511     0.74957]
 [          0           0]
 [    0.38316     0.78787]
 [    0.40228     0.77872]
 [    0.37239     0.86833]
 [    0.38455     0.84722]
 [    0.39452      0.9527]
 [    0.39855     0.91759]]
[[          0           0]
 [          0           0]
 [          0           0]
 [    0.38605     0.62175]
 [          0           0]
 [    0.39387      0.6616]
 [    0.41996     0.64829]
 [    0.39818     0.72529]
 [    0.43744       0.702]
 [    0.37939     0.74754]
 [          0           0]
 [    0.40662      0.7672]
 [    0.42438     0.75901]
 [    0.39103     0.85964]
 [    0.40782     0.85014]
 [    0.39387      0.9445]
 [    0.42106     0.93613]]
[[          0           0]
 [          0           0]
 [          0           0]
 [    0.40028     0.62461]
 [          0           0]
 [     0.4028     0.66522]
 [    0.43592     0.64404]
 [    0.40124     0.71662]
 [    0.45505     0.69212]
 [          0           0]
 [    0.46063     0.74126]
 [    0.41781     0.75751]
 [    0.44283     0.74215]
 [    0.40788     0.85038]
 [    0.44534     0.80999]
 [    0.40485      0.9472]
 [    0.47425     0.88881]]
[[          0           0]
 [          0           0]
 [          0           0]
 [    0.41403     0.60563]
 [          0           0]
 [    0.41622     0.64733]
 [    0.44664     0.63168]
 [    0.41554     0.69487]
 [    0.47355     0.67074]
 [     0.4193     0.71664]
 [    0.47379     0.72182]
 [    0.43748     0.74576]
 [    0.45848     0.73766]
 [    0.42427     0.81763]
 [     0.4526      0.8048]
 [    0.43283       0.894]
 [    0.47545     0.88233]]
[[          0           0]
 [          0           0]
 [          0           0]
 [     0.4237     0.58718]
 [          0           0]
 [    0.42132     0.62893]
 [    0.45594     0.62043]
 [    0.41852     0.69047]
 [    0.47933     0.66898]
 [    0.41601     0.72351]
 [    0.47479     0.71862]
 [    0.44432     0.73806]
 [    0.46781     0.73546]
 [    0.42547     0.79845]
 [    0.45979     0.80109]
 [    0.45056     0.87137]
 [    0.47548     0.88172]]
[[          0           0]
 [          0           0]
 [          0           0]
 [    0.42566     0.55988]
 [    0.44249     0.55611]
 [    0.42451     0.60145]
 [    0.46004     0.59143]
 [    0.42306     0.66218]
 [    0.48404     0.62771]
 [    0.41725     0.71335]
 [    0.48402     0.66844]
 [    0.44066     0.69681]
 [    0.46505     0.69451]
 [    0.43667      0.7667]
 [    0.46956     0.77301]
 [    0.44869      0.8428]
 [    0.48248      0.8577]]
[[          0           0]
 [          0           0]
 [          0           0]
 [    0.42771     0.55543]
 [     0.4461     0.55191]
 [    0.42555     0.59356]
 [     0.4615     0.58545]
 [    0.42319     0.65513]
 [    0.48437      0.6259]
 [    0.41715     0.70936]
 [    0.49018     0.66551]
 [    0.44012     0.69144]
 [    0.46687     0.68986]
 [    0.43103     0.75508]
 [    0.47767      0.7611]
 [    0.42838     0.83481]
 [    0.49301     0.84784]]
[[          0           0]
 [          0           0]
 [          0           0]
 [    0.43495     0.57082]
 [    0.45382     0.57009]
 [    0.42857     0.60862]
 [    0.46751     0.60832]
 [    0.42517     0.66926]
 [    0.48711     0.65556]
 [    0.42116     0.71659]
 [    0.49316     0.69536]
 [     0.4393     0.70832]
 [     0.4709     0.71112]
 [    0.42349     0.75244]
 [     0.4897     0.76942]
 [    0.41513     0.81398]
 [    0.51145      0.8444]]
[[          0           0]
 [          0           0]
 [          0           0]
 [    0.43451     0.58914]
 [    0.45251     0.58984]
 [    0.42468     0.62631]
 [    0.46416     0.62828]
 [    0.41872     0.68254]
 [    0.48122     0.67454]
 [    0.41678     0.72133]
 [    0.48969     0.71563]
 [    0.43594     0.71772]
 [    0.46739     0.72294]
 [    0.42549     0.75169]
 [    0.49287     0.76994]
 [     0.4243     0.81019]
 [    0.51452     0.84099]]
[[          0           0]
 [          0           0]
 [          0           0]
 [    0.41544     0.58522]
 [    0.43151      0.5843]
 [    0.40966     0.62047]
 [    0.44216     0.62261]
 [    0.41004     0.66706]
 [    0.45883     0.66417]
 [          0           0]
 [    0.45831     0.69232]
 [    0.42563     0.70905]
 [     0.4522     0.71289]
 [    0.41924     0.75625]
 [    0.47614     0.76663]
 [    0.42706     0.80917]
 [      0.505     0.82562]]
[[          0           0]
 [          0           0]
 [          0           0]
 [    0.41544     0.58522]
 [    0.43151      0.5843]
 [    0.40966     0.62047]
 [    0.44216     0.62261]
 [    0.41004     0.66706]
 [    0.45883     0.66417]
 [          0           0]
 [    0.45831     0.69232]
 [    0.42563     0.70905]
 [     0.4522     0.71289]
 [    0.41924     0.75625]
 [    0.47614     0.76663]
 [    0.42706     0.80917]
 [      0.505     0.82562]]
[[          0           0]
 [          0           0]
 [          0           0]
 [    0.41544     0.58522]
 [    0.43151      0.5843]
 [    0.40966     0.62047]
 [    0.44216     0.62261]
 [    0.41004     0.66706]
 [    0.45883     0.66417]
 [          0           0]
 [    0.45831     0.69232]
 [    0.42563     0.70905]
 [     0.4522     0.71289]
 [    0.41924     0.75625]
 [    0.47614     0.76663]
 [    0.42706     0.80917]
 [      0.505     0.82562]]
[[          0           0]
 [          0           0]
 [          0           0]
 [    0.41544     0.58522]
 [    0.43151      0.5843]
 [    0.40966     0.62047]
 [    0.44216     0.62261]
 [    0.41004     0.66706]
 [    0.45883     0.66417]
 [          0           0]
 [    0.45831     0.69232]
 [    0.42563     0.70905]
 [     0.4522     0.71289]
 [    0.41924     0.75625]
 [    0.47614     0.76663]
 [    0.42706     0.80917]
 [      0.505     0.82562]]
[[          0           0]
 [          0           0]
 [          0           0]
 [    0.41544     0.58522]
 [    0.43151      0.5843]
 [    0.40966     0.62047]
 [    0.44216     0.62261]
 [    0.41004     0.66706]
 [    0.45883     0.66417]
 [          0           0]
 [    0.45831     0.69232]
 [    0.42563     0.70905]
 [     0.4522     0.71289]
 [    0.41924     0.75625]
 [    0.47614     0.76663]
 [    0.42706     0.80917]
 [      0.505     0.82562]]
[[     0.3126     0.63028]
 [    0.31559     0.62404]
 [          0           0]
 [    0.32429     0.62607]
 [          0           0]
 [    0.34176     0.65647]
 [    0.32207     0.66755]
 [    0.36836     0.68267]
 [     0.3255     0.70405]
 [    0.35496     0.71771]
 [    0.32129     0.68966]
 [     0.3583     0.74844]
 [    0.35511     0.74955]
 [    0.31951     0.80108]
 [    0.37861     0.78758]
 [    0.29239      0.8792]
 [    0.40855      0.8379]]
[[    0.28723     0.66787]
 [    0.29024     0.66247]
 [    0.28447     0.66274]
 [    0.29802     0.66194]
 [          0           0]
 [    0.31938     0.68864]
 [    0.28683      0.6884]
 [    0.33798     0.71685]
 [    0.28901     0.73095]
 [    0.32311     0.75821]
 [    0.29076      0.7486]
 [    0.33468      0.7711]
 [    0.32082     0.76273]
 [    0.30006     0.85238]
 [    0.33395     0.80642]
 [    0.27048     0.91762]
 [    0.38346     0.82497]]
[[    0.27306     0.69336]
 [    0.27548     0.68675]
 [    0.26975     0.68824]
 [    0.28289     0.68507]
 [          0           0]
 [    0.30855     0.71491]
 [    0.27303     0.71365]
 [     0.3297     0.74584]
 [    0.26623     0.74587]
 [    0.31261     0.78774]
 [    0.25625     0.77149]
 [    0.32281     0.78886]
 [    0.30707     0.78176]
 [    0.28687     0.86266]
 [    0.31956     0.82796]
 [    0.26379     0.91395]
 [    0.36145     0.84691]]
[[    0.26403     0.71087]
 [      0.265     0.70294]
 [          0           0]
 [    0.27254     0.69211]
 [          0           0]
 [    0.30005     0.71087]
 [    0.26473     0.72564]
 [    0.31409     0.74692]
 [    0.25923     0.77784]
 [     0.3065     0.80714]
 [    0.24003     0.81943]
 [     0.3217      0.7828]
 [    0.30351     0.78208]
 [    0.28473     0.86155]
 [    0.30069     0.83565]
 [    0.26697     0.92224]
 [    0.33935      0.8617]]
[[    0.26662      0.6985]
 [          0           0]
 [          0           0]
 [    0.27235     0.68416]
 [          0           0]
 [    0.30101     0.70149]
 [     0.2732     0.71682]
 [    0.31543     0.74394]
 [    0.27536     0.77115]
 [    0.30444     0.80032]
 [    0.26906     0.80831]
 [    0.32292      0.7759]
 [     0.3085     0.77785]
 [    0.28505     0.84366]
 [    0.29979     0.83282]
 [    0.27101     0.91066]
 [    0.33138     0.87824]]
[[    0.28215     0.65219]
 [    0.28519     0.64458]
 [    0.27899     0.64545]
 [    0.29436     0.64181]
 [          0           0]
 [    0.31359     0.67316]
 [    0.28799     0.67936]
 [    0.32432     0.71362]
 [          0           0]
 [    0.31655     0.76444]
 [    0.29779     0.76371]
 [    0.32979     0.76752]
 [    0.31518     0.76496]
 [    0.29148     0.83258]
 [    0.29503      0.8173]
 [    0.27537     0.92329]
 [    0.31762     0.88651]]
[[    0.29955     0.63032]
 [    0.30126     0.62351]
 [          0           0]
 [    0.30574     0.62192]
 [          0           0]
 [    0.32124     0.65637]
 [     0.3014     0.66343]
 [    0.33406     0.70507]
 [    0.30665      0.7156]
 [    0.32484     0.75275]
 [    0.30573     0.75449]
 [    0.33174     0.75828]
 [    0.32126     0.75919]
 [    0.29539     0.82414]
 [    0.30318     0.82417]
 [     0.2844     0.90392]
 [    0.31727      0.8964]]
[[          0           0]
 [          0           0]
 [          0           0]
 [    0.31868     0.59951]
 [          0           0]
 [    0.33044     0.63971]
 [    0.33855      0.6347]
 [    0.33643     0.70037]
 [     0.3281     0.68121]
 [    0.31931     0.72893]
 [    0.31028     0.68888]
 [    0.34107     0.74223]
 [    0.34714      0.7371]
 [    0.31088     0.80857]
 [    0.31307      0.8026]
 [    0.32562     0.89503]
 [    0.32081     0.88493]]
[[          0           0]
 [          0           0]
 [          0           0]
 [    0.33422     0.58203]
 [          0           0]
 [    0.34132     0.62027]
 [    0.35649     0.61498]
 [    0.34389     0.66556]
 [     0.3517     0.65508]
 [     0.3307      0.6733]
 [    0.33163     0.67064]
 [    0.35257     0.72766]
 [    0.36257     0.72264]
 [    0.32532     0.79901]
 [    0.33047     0.79482]
 [    0.34582     0.88088]
 [    0.33467     0.87823]]
[[          0           0]
 [          0           0]
 [          0           0]
 [    0.35789     0.57419]
 [          0           0]
 [    0.35118     0.61444]
 [    0.38476     0.61008]
 [    0.34344     0.67248]
 [          0           0]
 [    0.33769     0.69808]
 [          0           0]
 [    0.36241     0.72021]
 [    0.38303      0.7185]
 [    0.36041     0.80186]
 [    0.36448     0.80266]
 [     0.3835      0.8745]
 [    0.35762     0.87621]]
[[          0           0]
 [          0           0]
 [          0           0]
 [    0.37462      0.5809]
 [    0.39264     0.58024]
 [    0.36426     0.62032]
 [    0.40173      0.6188]
 [    0.35113     0.67267]
 [     0.4079       0.669]
 [    0.34605      0.7116]
 [          0           0]
 [     0.3727       0.726]
 [    0.39615     0.72285]
 [    0.37392     0.80701]
 [    0.38807     0.79211]
 [    0.38882     0.89343]
 [    0.39638     0.86096]]
[[          0           0]
 [          0           0]
 [          0           0]
 [          0           0]
 [    0.41518     0.57644]
 [    0.38574     0.61851]
 [      0.424     0.61987]
 [    0.37354     0.66864]
 [    0.42806     0.68557]
 [    0.36452     0.71693]
 [     0.4211     0.71884]
 [    0.39091     0.72893]
 [    0.41915     0.72447]
 [    0.39105     0.81292]
 [     0.4287     0.78539]
 [    0.39173       0.902]
 [    0.45081     0.84841]]
[[          0           0]
 [          0           0]
 [          0           0]
 [          0           0]
 [    0.42793     0.57522]
 [    0.40116     0.61541]
 [    0.43738     0.62057]
 [    0.38849     0.66298]
 [    0.44343     0.68418]
 [    0.37763     0.71435]
 [    0.43665     0.70035]
 [    0.40542     0.72829]
 [    0.43253     0.72672]
 [     0.3975     0.80481]
 [    0.44753     0.78466]
 [     0.3951     0.89575]
 [    0.46581     0.84874]]
[[          0           0]
 [          0           0]
 [          0           0]
 [          0           0]
 [    0.44701     0.57154]
 [    0.41497     0.60582]
 [    0.45328     0.61834]
 [    0.40308     0.65318]
 [    0.46023     0.68064]
 [    0.39307     0.70384]
 [    0.45171     0.69892]
 [    0.41991     0.71774]
 [    0.44822     0.72184]
 [    0.41025     0.78641]
 [    0.45732     0.78307]
 [    0.40564      0.8712]
 [    0.46656     0.85354]]
[[          0           0]
 [          0           0]
 [          0           0]
 [          0           0]
 [    0.45565     0.55908]
 [    0.42189     0.58895]
 [    0.46028     0.60434]
 [    0.41038     0.63821]
 [    0.46781     0.66331]
 [    0.40302     0.68889]
 [    0.45639     0.67822]
 [    0.42169     0.69772]
 [    0.45039      0.7039]
 [    0.41467     0.76982]
 [    0.45856     0.77528]
 [    0.41569     0.85244]
 [    0.47002     0.85175]]
[[          0           0]
 [          0           0]
 [          0           0]
 [          0           0]
 [    0.46345     0.55023]
 [    0.42953     0.57654]
 [    0.46659     0.59463]
 [    0.41237     0.61447]
 [    0.47283     0.65201]
 [    0.41149     0.63371]
 [    0.46389     0.66074]
 [    0.42651     0.67711]
 [    0.45362     0.68469]
 [    0.41814     0.75674]
 [    0.46115      0.7651]
 [    0.41826     0.84058]
 [    0.46845      0.8474]]
[[          0           0]
 [          0           0]
 [          0           0]
 [          0           0]
 [    0.46685     0.55177]
 [    0.43206     0.57618]
 [    0.46937     0.59674]
 [    0.41201     0.61581]
 [    0.47375     0.65254]
 [    0.41203     0.64016]
 [    0.46398     0.66433]
 [    0.42722     0.67573]
 [    0.45472     0.68567]
 [    0.41869     0.74975]
 [    0.46165     0.76657]
 [    0.41268     0.82901]
 [     0.4674     0.84996]]
[[    0.47371     0.55341]
 [          0           0]
 [     0.4708     0.54489]
 [          0           0]
 [    0.45864     0.54368]
 [    0.46617     0.58664]
 [    0.44082     0.57357]
 [    0.46766      0.6308]
 [     0.4127     0.60893]
 [    0.47105     0.65368]
 [    0.40906     0.63988]
 [    0.45178     0.67445]
 [    0.43301     0.66699]
 [     0.4576     0.75669]
 [    0.41729     0.74022]
 [    0.46196     0.83733]
 [    0.40105       0.818]]
[[          0           0]
 [          0           0]
 [          0           0]
 [          0           0]
 [    0.46664      0.5489]
 [    0.43594      0.5623]
 [    0.46873     0.59014]
 [    0.41168     0.59056]
 [    0.47312      0.6359]
 [    0.41394     0.63329]
 [    0.46366     0.64791]
 [    0.42529      0.6555]
 [    0.44947     0.66984]
 [    0.41732     0.72694]
 [    0.45602     0.75174]
 [    0.39226     0.79725]
 [    0.45635     0.82436]]
[[    0.46861     0.54938]
 [          0           0]
 [    0.46519     0.54166]
 [          0           0]
 [     0.4533     0.53996]
 [    0.46325     0.58674]
 [    0.43591     0.56273]
 [      0.463      0.6343]
 [     0.4097     0.58004]
 [     0.4617     0.64229]
 [    0.41803     0.58862]
 [    0.44525      0.6708]
 [    0.42406     0.65941]
 [    0.44908     0.74254]
 [    0.41034     0.72728]
 [    0.44544      0.8062]
 [    0.38463     0.79401]]
[[    0.46362     0.54942]
 [          0           0]
 [    0.45991     0.54194]
 [          0           0]
 [    0.44937     0.54376]
 [    0.45699     0.59313]
 [    0.43269     0.56999]
 [    0.45249     0.64537]
 [    0.40298     0.58976]
 [    0.46158     0.65599]
 [    0.41416     0.59244]
 [    0.43483     0.67886]
 [    0.41695     0.66961]
 [    0.43637     0.74422]
 [    0.41005     0.73665]
 [    0.42708     0.79818]
 [    0.38172     0.79722]]
[[    0.45793     0.58795]
 [          0           0]
 [    0.45509     0.57894]
 [          0           0]
 [    0.44439     0.57308]
 [    0.44054     0.61223]
 [    0.43026     0.59832]
 [    0.43984     0.65985]
 [    0.40969     0.63096]
 [    0.45478     0.67696]
 [    0.43013     0.64596]
 [    0.42048     0.69434]
 [     0.4115     0.68993]
 [    0.43397     0.75647]
 [    0.40836      0.7544]
 [    0.42253     0.81265]
 [    0.37618     0.81661]]
[[    0.45969     0.59137]
 [          0           0]
 [    0.45746     0.58199]
 [          0           0]
 [    0.44693     0.57556]
 [    0.43984     0.61269]
 [    0.43065     0.60613]
 [    0.43679      0.6654]
 [    0.41981     0.64898]
 [    0.45261     0.68302]
 [     0.4375     0.65792]
 [    0.42232     0.69648]
 [    0.41499     0.69635]
 [    0.43285     0.75522]
 [    0.41433     0.75863]
 [     0.4171     0.81551]
 [    0.39288     0.82263]]
[[    0.47244     0.56436]
 [          0           0]
 [    0.47066     0.55737]
 [          0           0]
 [    0.46327     0.55459]
 [    0.45794     0.59242]
 [    0.44508     0.57411]
 [      0.453     0.63775]
 [    0.41688      0.5965]
 [    0.45896     0.66714]
 [    0.40671     0.64223]
 [     0.4341     0.66896]
 [    0.43112     0.66222]
 [    0.41752     0.73865]
 [     0.4496     0.73511]
 [    0.39023     0.79638]
 [    0.44143     0.80379]]
[[          0           0]
 [          0           0]
 [          0           0]
 [          0           0]
 [    0.47825     0.54843]
 [    0.44569     0.56769]
 [    0.47352     0.58909]
 [    0.42049     0.59563]
 [     0.4677     0.64001]
 [    0.41286     0.63906]
 [    0.46633     0.67171]
 [     0.4303     0.65156]
 [    0.44926     0.66001]
 [    0.42764     0.72947]
 [    0.45352     0.74169]
 [          0           0]
 [          0           0]]
[[          0           0]
 [          0           0]
 [          0           0]
 [          0           0]
 [    0.48327     0.54798]
 [    0.43989     0.57364]
 [    0.48247     0.58571]
 [    0.42004     0.64147]
 [    0.47424     0.66004]
 [    0.42711     0.70582]
 [     0.4696     0.69997]
 [    0.42596     0.68565]
 [    0.45547     0.69114]
 [    0.43932     0.75456]
 [    0.47079      0.7582]
 [    0.41925      0.8399]
 [    0.44451     0.83539]]
[[          0           0]
 [          0           0]
 [          0           0]
 [    0.47673     0.56919]
 [    0.49425     0.57465]
 [    0.46135     0.60258]
 [    0.49524     0.61528]
 [          0           0]
 [    0.49473     0.67539]
 [          0           0]
 [    0.50708     0.71269]
 [    0.45559     0.69632]
 [     0.4833      0.7025]
 [    0.44517     0.74805]
 [    0.50582     0.75831]
 [    0.42884     0.81921]
 [    0.50922     0.83516]]
[[          0           0]
 [          0           0]
 [          0           0]
 [    0.48271     0.60233]
 [    0.50102     0.60661]
 [    0.46951     0.63323]
 [     0.5048     0.64807]
 [    0.44952     0.67047]
 [    0.51758     0.69637]
 [          0           0]
 [    0.52724     0.72098]
 [    0.46457     0.72482]
 [    0.49213     0.73329]
 [    0.46208     0.76535]
 [     0.5185       0.783]
 [    0.44253     0.83182]
 [    0.52806     0.85912]]
[[          0           0]
 [          0           0]
 [          0           0]
 [    0.47846     0.60008]
 [      0.497     0.60324]
 [    0.46679     0.62937]
 [    0.50284     0.64085]
 [          0           0]
 [    0.51833     0.68084]
 [          0           0]
 [    0.51726     0.68741]
 [    0.46463     0.72845]
 [    0.49335     0.73645]
 [    0.45893     0.75711]
 [    0.51875     0.77912]
 [    0.43138      0.8246]
 [    0.52844     0.86178]]
[[          0           0]
 [          0           0]
 [          0           0]
 [     0.4525     0.57393]
 [    0.46789     0.56739]
 [    0.44728     0.60549]
 [    0.48183     0.60071]
 [          0           0]
 [    0.50168     0.64164]
 [          0           0]
 [     0.4846     0.66062]
 [    0.45886     0.69307]
 [    0.48735     0.69214]
 [    0.44098     0.75471]
 [    0.49844     0.76352]
 [    0.42845     0.82337]
 [    0.52101     0.84661]]
[[          0           0]
 [          0           0]
 [          0           0]
 [    0.43349     0.56829]
 [    0.44991      0.5593]
 [    0.43107     0.60296]
 [    0.46699     0.58984]
 [          0           0]
 [    0.48512     0.62637]
 [          0           0]
 [          0           0]
 [    0.44735     0.68774]
 [    0.47425     0.68121]
 [    0.44596     0.75628]
 [    0.48645     0.74569]
 [    0.44884     0.82455]
 [    0.50316     0.81488]]
[[          0           0]
 [          0           0]
 [          0           0]
 [    0.43349     0.56829]
 [    0.44991      0.5593]
 [    0.43107     0.60296]
 [    0.46699     0.58984]
 [          0           0]
 [    0.48512     0.62637]
 [          0           0]
 [          0           0]
 [    0.44735     0.68774]
 [    0.47425     0.68121]
 [    0.44596     0.75628]
 [    0.48645     0.74569]
 [    0.44884     0.82455]
 [    0.50316     0.81488]]
[[          0           0]
 [          0           0]
 [          0           0]
 [    0.43349     0.56829]
 [    0.44991      0.5593]
 [    0.43107     0.60296]
 [    0.46699     0.58984]
 [          0           0]
 [    0.48512     0.62637]
 [          0           0]
 [          0           0]
 [    0.44735     0.68774]
 [    0.47425     0.68121]
 [    0.44596     0.75628]
 [    0.48645     0.74569]
 [    0.44884     0.82455]
 [    0.50316     0.81488]]
[[          0           0]
 [          0           0]
 [          0           0]
 [    0.43349     0.56829]
 [    0.44991      0.5593]
 [    0.43107     0.60296]
 [    0.46699     0.58984]
 [          0           0]
 [    0.48512     0.62637]
 [          0           0]
 [          0           0]
 [    0.44735     0.68774]
 [    0.47425     0.68121]
 [    0.44596     0.75628]
 [    0.48645     0.74569]
 [    0.44884     0.82455]
 [    0.50316     0.81488]]
[[          0           0]
 [          0           0]
 [          0           0]
 [    0.43349     0.56829]
 [    0.44991      0.5593]
 [    0.43107     0.60296]
 [    0.46699     0.58984]
 [          0           0]
 [    0.48512     0.62637]
 [          0           0]
 [          0           0]
 [    0.44735     0.68774]
 [    0.47425     0.68121]
 [    0.44596     0.75628]
 [    0.48645     0.74569]
 [    0.44884     0.82455]
 [    0.50316     0.81488]]
[[          0           0]
 [          0           0]
 [          0           0]
 [    0.43349     0.56829]
 [    0.44991      0.5593]
 [    0.43107     0.60296]
 [    0.46699     0.58984]
 [          0           0]
 [    0.48512     0.62637]
 [          0           0]
 [          0           0]
 [    0.44735     0.68774]
 [    0.47425     0.68121]
 [    0.44596     0.75628]
 [    0.48645     0.74569]
 [    0.44884     0.82455]
 [    0.50316     0.81488]]
[[          0           0]
 [          0           0]
 [          0           0]
 [    0.43349     0.56829]
 [    0.44991      0.5593]
 [    0.43107     0.60296]
 [    0.46699     0.58984]
 [          0           0]
 [    0.48512     0.62637]
 [          0           0]
 [          0           0]
 [    0.44735     0.68774]
 [    0.47425     0.68121]
 [    0.44596     0.75628]
 [    0.48645     0.74569]
 [    0.44884     0.82455]
 [    0.50316     0.81488]]
[[          0           0]
 [          0           0]
 [          0           0]
 [    0.42268     0.51435]
 [          0           0]
 [    0.42335     0.53629]
 [    0.44753     0.53442]
 [    0.41295     0.56822]
 [          0           0]
 [    0.40493     0.59699]
 [          0           0]
 [    0.44336     0.60259]
 [    0.46128     0.59995]
 [    0.42196     0.63728]
 [    0.45928     0.62766]
 [     0.4247     0.69197]
 [    0.46572     0.67048]]
[[          0           0]
 [          0           0]
 [          0           0]
 [    0.42822      0.4909]
 [    0.44484     0.48896]
 [    0.42741     0.51964]
 [    0.45541     0.51891]
 [    0.41928     0.55247]
 [     0.4679     0.55833]
 [    0.40446     0.57705]
 [    0.47117     0.59733]
 [    0.44047     0.59695]
 [    0.45673     0.59514]
 [    0.42249     0.63398]
 [    0.43266     0.63385]
 [    0.44412     0.67193]
 [    0.43568     0.67334]]
[[          0           0]
 [          0           0]
 [          0           0]
 [    0.44363     0.45485]
 [    0.45967     0.45541]
 [    0.43582     0.48742]
 [      0.468     0.49063]
 [    0.42223     0.52111]
 [    0.47546     0.54289]
 [    0.41341     0.54043]
 [    0.47689     0.58221]
 [    0.43711     0.57801]
 [    0.45564     0.57661]
 [    0.43282     0.63232]
 [    0.43948     0.62653]
 [    0.45263     0.68315]
 [    0.43596     0.67231]]
[[          0           0]
 [          0           0]
 [          0           0]
 [    0.45481      0.4475]
 [    0.46923     0.44943]
 [    0.44274     0.48016]
 [    0.47427     0.48787]
 [    0.42269     0.51352]
 [    0.47899     0.53753]
 [    0.42021     0.52586]
 [    0.48122     0.57483]
 [    0.44214     0.57042]
 [    0.46047     0.57344]
 [    0.44249     0.62682]
 [    0.44877     0.63175]
 [    0.45668      0.6727]
 [    0.44659     0.67977]]
[[          0           0]
 [          0           0]
 [          0           0]
 [          0           0]
 [    0.47734     0.45078]
 [    0.44997     0.47688]
 [    0.47971     0.49054]
 [       0.43     0.49904]
 [    0.48454     0.53965]
 [    0.42456     0.52731]
 [    0.48941     0.56429]
 [    0.44925     0.56604]
 [     0.4674     0.57033]
 [    0.45228      0.6313]
 [    0.46621      0.6273]
 [       0.46     0.69284]
 [    0.46569     0.67683]]
[[    0.48805     0.45513]
 [          0           0]
 [    0.48583     0.44996]
 [          0           0]
 [    0.47977      0.4572]
 [      0.456     0.48491]
 [    0.48431     0.49608]
 [     0.4342     0.50744]
 [     0.4902     0.54031]
 [    0.42577     0.54138]
 [    0.49412     0.55632]
 [    0.45491     0.57439]
 [     0.4736     0.57775]
 [    0.45822     0.63609]
 [    0.48423      0.6314]
 [    0.46142     0.70708]
 [    0.49008     0.68966]]
