462
115
460
101
468
111
480
134
480
134
504
202
510
221
510
221
544
311
562
308
575
313
581
318
519
263
587
306
580
300
571
299
565
305
377
208
377
208
350
127
350
127
350
127
350
127
350
127
350
127
162
275
162
275
84
292
78
298
88
309
93
315
93
315
93
315
205
91
200
99
193
119
190
127
190
127
173
207
173
207
161
272
161
272
161
272
161
272
183
127
186
102
177
113
162
136
151
159
133
203
126
221
110
282
107
279
104
280
102
287
102
287
269
120
269
120
269
120
269
120
406
106
419
116
419
116
534
218
545
257
545
257
545
257
545
257
545
257
442
334
423
343
317
206
321
214
325
226
326
230
325
230
325
230
325
230
325
230
325
230
325
230
325
230
325
230
314
183
314
183
239
214
239
214
239
214
309
114
329
115
344
119
360
126
360
126
360
126
443
206
456
221
443
115
454
118
465
133
465
133
492
180
492
180
492
180
548
270
552
272
558
283
561
297
563
306
524
193
493
142
477
120
469
117
471
131
471
131
471
131
471
131
471
131
471
131
471
131
497
223
497
223
497
223
497
223
497
223
497
223
497
223
484
172
491
178
496
186
496
186
496
186
496
186
496
186
490
167
490
167
470
122
468
119
470
122
470
122
470
122
470
122
470
122
470
122
470
122
470
122
470
122
470
122
289
235
288
234
58
113
58
113
58
114
58
114
58
114
58
114
58
114
58
114
58
114
135
220
289
235
289
234
211
234
58
113
211
233
211
233
211
233
196
268
267
185
205
268
209
280
213
281
218
289
222
293
227
299
231
303
211
234
40
351
206
208
202
206
199
206
199
207
198
214
289
234
289
234
605
328
40
351
40
351
221
190
391
40
442
317
445
315
445
315
445
315
513
119
525
133
553
203
549
219
539
257
539
257
211
234
211
234
479
337
470
323
457
309
453
306
435
311
427
320
341
219
335
219
334
113
325
100
312
111
303
124
293
138
293
138
262
208
262
208
225
176
225
176
225
176
225
176
225
176
169
191
153
191
144
196
144
205
143
215
143
215
95
221
235
61
249
35
249
35
249
35
295
207
295
207
295
207
295
207
295
207
295
207
295
207
468
19
504
72
529
117
568
196
568
196
577
331
577
331
577
331
577
331
577
331
516
351
516
351
516
351
516
351
464
96
471
47
486
43
500
45
500
51
498
68
497
84
495
120
495
134
493
167
493
167
432
80
433
76
446
100
453
119
457
131
457
131
457
131
457
131
509
313
518
312
532
319
537
325
536
311
536
311
522
293
516
295
510
300
510
300
417
217
452
122
462
137
462
137
462
137
462
137
462
137
462
137
523
289
523
289
549
316
400
214
402
211
405
213
406
218
402
218
402
218
402
218
472
114
480
124
489
136
503
167
519
209
525
226
525
226
558
295
573
296
582
302
591
314
603
343
434
317
594
351
579
351
579
351
579
351
365
102
345
112
330
123
322
131
322
131
262
203
262
203
262
203
262
203
262
203
262
203
102
319
103
304
105
292
106
290
109
295
110
300
110
300
297
122
316
128
316
128
316
128
401
185
401
185
401
185
401
185
401
185
565
310
561
312
553
318
533
348
533
348
533
348
533
348
533
348
533
348
433
126
433
126
433
126
433
126
433
126
433
126
464
213
539
284
539
284
539
284
539
284
539
284
539
284
539
284
539
284
160
109
142
121
93
182
109
215
109
215
109
215
109
215
109
215
230
338
245
322
259
311
259
311
259
311
259
311
256
116
256
116
216
87
200
97
172
118
152
138
117
181
93
217
99
267
100
286
100
286
120
350
132
343
137
342
58
112
58
112
192
326
205
331
58
112
58
112
58
112
219
119
58
112
58
112
177
160
154
196
58
112
58
112
58
112
58
112
58
112
45
334
53
309
59
299
69
294
76
296
87
308
58
112
211
320
318
123
329
126
329
126
329
126
329
126
329
126
543
282
443
211
320
215
324
211
331
215
348
114
329
113
301
134
301
134
301
134
232
207
175
281
167
277
167
277
167
277
79
295
56
313
53
331
57
347
78
348
95
348
123
350
123
350
123
350
246
242
217
120
212
131
212
131
212
131
193
207
193
207
193
207
193
207
158
312
154
316
154
316
154
316
154
316
154
316
154
316
154
316
154
316
200
116
190
125
190
125
156
179
143
208
143
208
143
208
89
304
77
307
59
321
46
338
41
342
49
331
62
326
70
327
74
329
115
183
147
96
162
55
176
23
176
23
176
23
176
23
153
41
150
48
140
91
136
122
128
180
128
180
189
121
182
136
170
175
164
192
155
215
142
212
130
218
122
228
110
253
102
276
98
288
98
288
98
288
98
288
98
288
415
98
431
105
489
134
557
195
538
225
538
225
538
225
538
225
280
217
285
209
287
211
296
214
299
215
299
215
299
215
299
215
299
215
377
188
386
214
386
214
401
254
401
254
414
275
414
275
414
275
414
275
414
275
438
196
443
211
461
253
58
112
58
112
58
112
58
112
58
112
453
92
462
99
477
117
487
132
504
168
517
198
539
258
58
112
570
312
577
312
586
320
58
112
58
112
58
112
573
342
58
112
58
112
58
112
458
112
464
119
474
135
58
112
58
112
58
112
58
112
521
292
58
112
541
297
553
314
558
324
58
112
564
350
555
348
549
350
58
112
58
112
460
113
461
106
470
120
58
113
489
164
58
113
58
113
58
113
529
283
535
284
546
292
553
305
553
305
488
108
58
113
58
113
493
88
498
102
505
131
58
113
518
211
58
113
535
316
541
305
552
297
558
297
569
307
576
321
575
321
391
215
563
317
558
323
58
113
513
174
493
97
481
61
480
40
487
42
58
113
58
113
511
86
517
108
525
150
528
168
535
207
535
207
559
300
566
291
576
284
583
285
594
299
601
314
598
315
587
312
577
320
570
330
566
336
566
336
566
336
566
336
566
336
566
336
566
336
566
336
566
336
566
336
566
336
566
336
295
103
308
114
321
129
321
129
362
192
362
192
362
192
362
192
428
125
428
125
428
125
428
125
428
125
428
125
529
248
529
255
529
255
529
255
529
255
529
255
529
255
529
255
529
255
529
255
529
255
529
255
529
255
529
255
529
255
163
197
139
216
143
219
143
219
291
112
332
116
332
116
332
116
332
116
546
218
546
218
546
218
546
218
500
309
500
309
500
309
500
309
326
326
308
320
308
320
308
320
308
320
308
320
308
320
208
310
193
307
183
311
170
324
160
315
155
310
155
310
123
310
119
312
102
300
96
300
108
303
111
303
121
300
124
301
128
298
128
298
128
298
128
298
128
298
128
298
128
298
118
249
116
227
124
223
124
223
124
223
124
223
124
223
124
223
124
223
124
223
124
223
124
223
234
199
234
199
227
193
228
200
228
200
232
230
233
221
233
221
235
228
235
228
232
282
238
220
238
220
238
220
412
186
412
186
412
186
412
186
412
186
412
186
412
186
412
186
412
186
412
186
412
186
412
186
412
186
412
186
277
129
271
129
271
129
271
129
320
104
320
104
320
104
320
104
320
104
320
104
320
104
320
104
320
104
320
104
108
38
125
49
274
176
275
176
609
331
609
331
609
331
211
235
211
235
222
119
222
119
148
198
58
113
58
113
58
113
58
113
58
113
58
113
58
113
58
113
58
113
58
113
58
113
58
113
58
113
58
113
58
113
58
113
58
113
543
267
335
207
345
206
349
208
58
113
58
113
58
113
58
113
256
113
231
128
58
113
58
113
108
249
58
113
131
321
58
113
167
314
58
113
58
113
216
97
208
85
199
92
181
111
169
129
149
168
133
203
109
269
58
113
58
113
58
113
38
338
44
315
54
294
61
286
71
284
78
288
78
288
78
288
283
106
298
116
315
129
315
129
315
129
315
129
436
290
444
288
444
288
435
121
443
131
443
131
443
131
443
131
443
131
443
131
515
297
530
309
535
316
551
345
551
345
551
351
543
350
541
350
541
350
484
128
473
101
468
107
460
123
457
131
350
274
436
202
436
202
436
202
436
202
436
202
436
202
436
202
436
202
410
94
515
208
441
95
467
118
484
137
515
182
537
218
537
218
537
218
439
224
511
306
511
306
511
306
447
121
447
103
462
120
473
135
491
172
505
203
505
203
505
203
561
292
574
294
583
304
588
318
588
318
588
318
588
318
570
350
557
352
557
352
458
110
465
117
475
132
475
132
498
185
507
216
507
216
534
320
543
316
556
318
565
326
578
345
569
321
563
311
553
306
550
306
550
306
371
205
464
106
471
110
483
124
492
138
492
138
518
199
536
255
536
255
536
255
573
323
597
334
610
348
610
343
601
318
588
306
581
307
573
313
573
313
573
313
355
122
346
126
346
126
346
126
346
126
203
281
195
279
195
279
195
279
195
279
195
279
195
279
173
197
173
197
173
197
173
197
173
197
128
278
128
278
128
278
128
278
128
278
379
114
406
127
406
127
406
127
548
246
546
281
520
344
511
352
306
220
307
219
304
211
303
207
305
209
306
213
307
213
304
215
304
215
304
215
304
215
431
124
431
124
431
124
488
179
495
200
495
200
495
200
453
218
453
218
453
218
466
124
388
138
379
139
373
139
469
205
469
205
469
205
469
205
469
205
434
240
428
246
422
258
422
258
422
258
422
118
432
127
432
127
432
127
468
185
468
185
468
185
468
185
468
185
468
185
468
185
323
117
301
131
301
131
301
131
301
131
301
131
301
131
301
131
100
254
111
258
115
261
58
113
58
113
310
106
324
117
58
113
58
113
58
113
58
113
453
279
469
277
58
113
58
113
416
104
418
111
421
130
58
113
58
113
58
113
436
280
441
275
58
113
58
113
451
93
463
101
484
119
499
135
524
172
58
113
58
113
58
113
58
113
551
340
550
335
550
339
58
113
530
312
58
113
507
305
58
113
58
113
58
113
58
113
58
113
58
113
58
113
58
113
58
113
58
113
500
199
505
209
515
231
515
231
515
231
515
231
515
231
515
231
515
231
515
231
515
231
515
231
203
91
203
91
166
99
149
108
138
126
139
133
142
175
144
205
144
205
144
205
144
205
144
205
157
291
157
291
199
86
186
93
163
113
146
131
133
163
133
188
132
218
132
218
132
218
132
218
132
218
132
218
132
218
132
218
187
112
182
108
164
129
158
136
150
177
149
202
325
238
325
238
325
238
325
238
325
238
325
238
325
238
173
190
173
190
183
136
183
136
170
153
170
153
167
195
172
189
173
189
179
199
182
208
184
214
184
214
184
214
184
214
184
214
184
214
184
214
184
214
184
214
184
214
527
211
527
211
527
211
377
117
342
119
320
132
254
216
254
216
230
198
222
194
222
194
182
188
148
198
130
210
141
216
141
216
141
216
141
216
176
195
176
195
176
195
177
159
170
178
170
178
157
195
147
197
145
207
144
218
195
228
219
117
255
69
255
69
255
69
255
69
255
69
255
69
255
69
436
18
472
46
498
70
538
119
547
151
525
202
519
221
519
221
519
221
454
310
441
297
426
289
426
289
419
114
430
122
430
122
430
122
430
122
430
122
430
122
430
122
553
256
553
256
563
289
563
299
520
176
498
109
473
40
478
34
386
218
498
38
511
52
521
66
536
101
548
130
566
188
573
212
573
212
573
212
573
212
586
338
575
309
567
297
556
288
549
287
546
288
546
288
372
126
417
201
401
204
396
210
396
210
396
210
396
210
396
210
396
210
396
210
396
210
396
210
396
210
396
210
396
210
463
269
437
285
437
285
437
285
437
285
489
159
508
182
507
201
507
201
507
201
507
201
507
201
507
201
465
268
465
268
465
268
465
268
465
268
465
268
465
268
465
268
465
268
491
191
500
206
503
213
499
186
493
163
493
163
479
128
471
119
471
123
58
113
58
113
58
113
58
113
491
179
495
179
500
185
504
194
58
113
58
113
418
125
407
128
58
113
58
113
58
113
58
113
58
113
273
112
258
103
247
115
58
113
58
113
194
208
58
113
58
113
58
113
114
319
58
113
81
335
84
318
90
303
93
299
100
302
104
310
58
113
58
113
58
113
58
113
58
113
58
113
170
280
58
113
58
113
58
113
58
113
58
113
58
113
58
113
589
319
580
319
570
322
570
322
570
322
483
111
482
100
487
107
496
125
499
133
512
179
518
211
518
211
518
211
351
103
333
112
314
123
314
123
501
293
501
293
501
293
501
293
501
293
94
294
59
302
64
306
72
322
79
339
79
339
129
336
129
336
167
352
167
352
320
126
340
127
340
127
340
127
340
127
402
210
444
286
458
286
458
286
353
100
353
100
353
100
353
100
228
103
199
120
199
120
113
191
62
254
76
293
84
316
84
316
84
316
84
316
216
308
231
296
254
288
254
288
254
288
254
288
239
122
222
129
222
129
222
129
137
203
124
217
124
217
124
217
161
285
172
285
184
289
184
289
213
101
206
98
188
112
175
127
153
159
138
186
111
241
94
287
91
322
93
317
98
318
102
324
102
324
102
324
134
350
134
350
134
350
134
350
238
227
243
218
280
114
280
114
344
117
355
124
355
124
355
124
457
209
457
209
510
191
508
188
494
187
489
189
469
206
463
213
463
213
346
109
319
124
319
124
319
124
235
201
221
217
221
217
221
217
221
217
57
325
34
337
55
321
76
309
86
305
86
305
154
312
172
323
172
323
172
323
204
124
204
124
166
165
151
189
135
218
117
255
102
299
105
301
110
312
112
319
112
319
112
319
283
57
283
57
238
254
238
254
349
106
366
130
366
130
413
127
431
123
431
123
431
123
431
123
512
206
518
204
516
206
514
212
512
216
512
216
512
216
512
216
512
216
320
131
320
131
320
131
320
131
320
131
320
131
105
303
105
303
105
303
163
322
163
322
163
322
209
89
194
93
183
101
164
120
150
139
127
179
111
213
93
255
89
293
83
342
84
337
86
338
89
345
102
336
102
336
130
329
130
329
130
329
130
329
310
128
310
128
310
128
310
128
310
128
310
128
310
128
310
128
58
113
553
313
587
345
58
112
58
112
58
112
543
341
58
112
58
112
457
123
455
99
463
107
475
126
58
112
500
184
511
217
58
112
58
112
58
112
58
112
58
112
58
112
58
112
58
112
58
112
58
112
58
112
58
112
142
197
150
200
164
213
58
112
58
112
301
122
58
112
58
112
58
112
58
112
58
112
58
112
534
321
58
112
58
112
58
112
58
112
58
112
453
101
465
108
484
126
58
112
58
112
58
112
58
112
58
112
490
249
485
246
481
247
481
247
481
247
481
247
481
247
481
247
481
247
474
184
474
184
489
202
504
205
512
212
524
230
524
230
509
207
493
182
485
172
485
172
413
272
413
272
413
272
413
272
403
182
403
182
403
182
403
182
403
182
503
276
296
132
296
132
296
132
296
132
296
132
296
132
121
240
121
240
121
240
121
240
193
301
201
303
201
303
192
122
184
129
149
170
146
203
58
113
58
113
160
248
58
112
58
113
58
113
196
277
58
113
318
115
345
112
363
122
58
113
58
113
456
216
58
113
58
113
58
113
587
318
582
316
572
322
565
332
362
206
518
322
58
113
471
338
360
211
58
113
455
111
58
113
461
31
472
30
491
34
498
37
502
55
499
70
496
100
493
127
490
175
490
175
490
175
58
112
58
112
477
243
473
234
473
234
465
241
462
253
458
269
458
269
306
116
289
133
289
133
289
133
289
133
289
133
58
113
58
113
58
113
58
113
262
111
262
111
319
116
337
131
337
131
337
131
408
217
408
217
421
97
429
101
443
117
448
123
448
123
448
123
448
123
448
123
532
325
543
320
498
343
580
334
576
313
570
301
562
293
556
294
550
299
550
299
550
299
418
92
389
45
389
45
268
202
266
197
266
197
266
197
266
197
239
15
219
37
219
37
151
137
125
187
58
112
151
110
178
49
181
35
167
41
157
49
141
70
129
90
110
130
100
165
88
227
58
112
58
112
58
112
54
344
61
318
74
291
82
279
58
112
103
273
58
112
58
112
58
112
58
112
244
48
58
112
58
112
58
112
58
112
58
112
58
112
58
112
58
112
58
112
409
34
58
112
58
112
58
112
391
111
58
112
349
109
343
131
58
112
58
112
58
112
58
112
58
112
58
112
58
112
246
103
227
90
211
100
185
122
58
113
136
184
121
215
58
113
58
113
58
113
166
275
183
276
195
282
58
113
58
113
229
102
218
105
199
122
58
113
161
175
143
206
58
113
92
314
83
308
79
309
75
320
72
332
58
113
58
113
58
113
58
113
58
113
58
113
58
113
58
113
278
126
302
110
58
113
58
113
387
102
410
115
58
113
58
113
58
113
58
113
58
113
454
196
434
198
413
207
407
211
407
211
426
123
433
126
433
126
433
126
512
205
523
220
547
258
547
258
532
324
522
321
512
324
512
324
489
343
489
343
489
343
489
343
489
343
489
343
489
343
489
343
489
343
305
214
388
325
388
325
388
325
388
325
388
325
388
325
388
325
388
325
388
325
388
325
388
325
388
325
388
325
131
350
122
345
117
347
112
342
112
342
99
336
92
333
86
328
86
325
93
322
97
321
102
319
102
319
102
319
634
86
634
86
634
86
634
86
231
40
231
40
231
40
158
88
136
113
100
161
93
194
106
246
106
246
106
246
106
246
106
246
167
330
184
328
194
318
210
312
220
315
225
317
225
317
225
317
225
317
370
127
244
311
211
234
211
234
211
234
211
234
211
234
211
234
471
297
471
297
471
297
471
297
471
297
471
297
471
297
471
297
471
297
110
261
110
261
110
261
110
261
110
261
110
261
110
261
185
109
174
119
162
132
143
163
122
206
118
220
112
256
100
305
94
303
90
307
86
318
125
210
158
126
174
89
181
74
177
69
167
85
160
100
149
132
142
160
129
214
129
214
109
294
101
284
92
279
120
204
158
121
168
100
177
76
171
85
160
106
152
125
142
165
133
198
133
198
133
198
133
198
133
198
362
116
389
127
389
127
389
127
389
127
389
127
389
127
305
202
325
207
325
207
325
207
434
90
454
100
469
112
494
137
514
164
526
204
524
217
524
217
524
217
511
302
511
302
511
302
511
302
348
107
348
107
268
108
245
125
245
125
245
125
58
112
58
112
81
347
58
112
58
112
58
112
58
112
58
112
58
112
58
112
58
112
238
117
221
126
58
112
58
112
170
190
162
205
162
205
103
316
81
316
58
326
41
339
39
345
51
331
70
321
82
321
95
324
95
324
95
324
293
115
315
125
324
131
324
131
324
131
324
131
324
131
324
131
509
314
211
233
211
233
211
233
211
233
587
317
585
315
570
321
566
325
566
325
370
107
344
113
325
122
315
126
315
126
225
201
225
201
225
201
225
201
372
128
372
128
372
128
372
128
372
128
525
248
525
248
320
204
487
242
453
210
211
233
211
233
211
233
453
122
471
137
471
137
506
191
522
220
522
220
537
293
536
292
436
256
533
301
533
301
472
104
484
112
490
128
491
135
494
162
494
162
494
162
494
162
494
162
494
162
494
162
462
124
464
110
473
122
484
138
500
175
518
224
463
282
550
290
561
289
578
295
589
304
593
311
610
350
428
309
429
314
572
333
567
336
567
336
345
121
326
129
326
129
326
129
244
191
244
191
244
191
288
234
289
234
77
293
83
297
95
311
99
319
112
350
112
350
112
350
112
350
112
350
192
102
200
32
237
205
218
196
289
233
289
233
289
233
142
17
130
37
110
76
97
111
80
171
75
215
68
295
58
112
58
112
63
349
73
321
80
305
91
292
99
289
107
291
115
298
126
316
126
316
126
316
327
117
348
126
348
126
348
126
348
126
324
203
324
203
535
320
518
328
518
328
518
328
458
129
456
97
475
105
489
115
511
138
511
138
515
191
517
221
517
221
517
221
520
297
519
293
518
295
518
295
345
96
345
96
345
96
266
72
217
101
190
123
144
167
110
204
113
256
113
256
113
256
113
256
344
228
201
333
226
335
241
324
342
220
342
225
342
225
342
225
342
225
255
128
255
128
255
128
255
128
183
218
183
218
183
218
125
314
95
319
70
338
61
346
59
332
64
321
72
315
78
316
78
316
78
316
309
118
328
127
328
127
289
234
289
234
289
234
289
234
289
234
289
234
289
234
321
221
568
317
338
212
458
262
358
211
360
210
360
210
360
210
360
210
361
219
361
219
361
219
361
219
361
219
361
219
490
207
490
207
490
207
490
207
490
178
476
151
463
186
452
187
449
187
449
187
449
187
488
184
488
184
488
184
488
184
488
184
488
184
488
184
488
184
488
184
488
184
235
262
235
262
235
262
235
262
74
299
81
302
93
315
98
322
234
248
234
248
234
248
234
248
234
248
207
113
195
110
182
120
176
126
148
167
124
211
113
243
112
261
110
296
115
291
118
293
118
293
118
293
241
303
241
303
241
303
326
186
326
186
326
186
326
186
326
186
326
186
326
186
326
186
427
185
427
185
427
185
455
113
463
124
471
136
471
136
491
189
491
189
491
189
473
200
469
203
455
222
455
222
455
222
455
222
455
222
455
222
455
222
455
222
455
222
455
222
455
222
455
222
262
121
250
124
250
124
250
124
170
172
170
172
170
172
170
172
170
172
226
186
234
200
238
195
240
192
242
192
242
192
222
191
58
113
58
113
58
113
149
162
149
162
162
175
96
176
126
152
141
150
155
162
155
162
155
162
155
162
155
162
155
162
155
162
155
162
130
193
130
192
130
189
129
187
125
185
123
183
117
180
113
177
105
174
105
174
93
167
396
313
80
156
77
152
414
173
414
173
414
173
414
173
609
331
609
331
609
331
609
331
609
331
609
331
609
331
609
331
609
331
609
331
609
331
281
128
609
331
609
331
609
331
609
331
609
331
609
331
609
330
609
331
609
331
609
331
609
330
609
330
609
330
609
330
102
38
609
330
609
330
609
331
609
331
609
330
609
330
609
330
609
330
609
330
609
330
609
330
609
330
97
261
107
265
111
269
123
288
123
288
123
288
123
288
166
170
154
196
317
227
317
227
317
227
317
227
317
227
317
227
317
227
332
115
344
117
344
117
344
117
344
117
529
220
529
220
484
297
469
297
447
292
429
294
422
297
422
297
416
117
427
127
427
127
427
127
470
193
470
193
523
300
498
339
566
309
583
322
608
351
393
214
400
209
587
348
578
350
578
350
578
350
460
100
456
87
461
93
468
110
472
126
472
126
472
126
472
126
472
126
472
126
447
117
458
131
458
131
458
131
458
131
493
221
409
213
408
205
404
201
393
198
387
202
480
96
484
88
491
101
497
114
502
132
511
168
522
218
522
218
541
300
548
294
559
292
567
297
578
314
586
334
587
345
580
339
570
339
566
343
566
343
478
236
465
99
472
106
484
124
493
143
507
179
517
210
517
210
546
322
559
315
569
316
584
327
594
341
402
228
582
316
572
310
565
314
558
320
522
215
493
125
473
89
478
92
481
101
486
120
489
137
489
137
489
137
489
137
489
137
514
301
519
300
525
306
530
319
536
343
530
333
522
328
515
331
510
338
510
338
320
120
302
130
302
130
302
130
302
130
302
130
302
130
302
130
81
289
73
292
81
297
87
307
87
307
172
92
172
92
176
51
162
59
152
70
135
96
124
121
104
171
89
216
65
303
65
303
65
303
65
303
85
306
92
288
103
271
111
266
118
265
215
289
287
126
297
131
297
131
297
131
297
131
297
131
461
260
461
260
461
260
461
260
461
260
336
111
304
126
292
134
292
134
292
134
292
134
292
134
292
134
82
294
92
294
100
299
112
317
112
317
126
348
126
348
126
348
126
348
231
218
214
316
264
112
262
120
261
125
261
125
261
125
252
209
252
209
247
257
245
255
238
246
224
191
224
191
224
191
201
125
201
125
201
125
165
183
165
183
155
193
152
195
149
207
235
212
210
119
169
191
278
23
285
18
285
18
285
18
285
18
285
18
405
30
416
39
464
87
491
120
534
183
563
234
574
307
574
307
574
307
320
211
506
349
327
206
473
321
339
206
339
204
337
205
334
206
334
206
305
118
291
127
283
133
283
133
219
211
219
211
219
211
219
211
310
97
310
97
310
97
390
108
412
122
412
122
412
122
412
122
560
305
545
346
522
350
326
212
335
208
337
205
345
212
422
332
413
332
413
332
413
332
413
332
266
129
266
129
266
129
266
129
266
129
116
271
121
285
121
285
166
300
182
311
131
201
236
209
242
179
243
176
301
130
248
206
255
220
255
220
255
220
255
220
501
281
501
281
501
281
497
213
497
213
388
107
342
113
316
122
302
127
302
127
302
127
302
127
80
301
80
301
80
301
80
301
80
301
80
301
231
326
231
326
231
326
231
326
231
326
231
326
231
326
231
326
231
326
231
326
231
326
231
326
231
326
231
326
231
326
231
326
231
326
262
96
262
96
262
96
262
96
262
96
262
96
365
72
396
114
405
126
405
126
405
126
405
126
440
117
455
137
455
137
455
137
455
137
507
215
515
215
528
221
532
225
419
193
419
193
419
193
548
314
553
316
556
322
556
322
556
322
556
322
556
322
556
322
556
322
556
322
556
322
533
348
530
345
526
347
523
348
520
341
518
342
515
338
513
338
510
334
508
335
508
335
508
335
508
335
508
335
508
335
508
335
58
113
58
113
58
113
58
113
507
348
510
352
58
113
58
113
58
113
58
113
58
113
58
113
419
89
411
81
411
81
559
177
376
63
376
63
376
63
376
63
376
63
376
63
284
95
272
135
272
135
259
187
259
187
259
187
220
320
209
312
202
313
190
319
191
305
193
295
194
294
196
303
197
307
197
307
197
307
197
307
197
307
244
215
244
215
174
163
181
190
187
184
191
185
199
191
204
200
204
200
257
101
281
50
281
50
302
12
302
12
302
12
302
12
302
12
392
12
417
39
417
39
464
111
464
163
464
163
464
163
500
313
302
112
293
125
244
199
245
214
202
287
202
287
220
121
213
111
203
119
193
131
176
159
158
198
158
198
158
198
107
317
89
316
75
321
55
339
47
346
49
336
53
329
61
329
67
334
71
338
122
203
169
89
176
71
167
71
163
74
151
95
144
113
137
134
125
180
118
217
131
204
156
154
156
154
175
125
175
125
175
125
173
205
170
199
168
199
167
202
167
202
167
202
167
202
167
202
167
202
332
125
349
129
349
129
349
129
410
193
410
193
436
187
436
187
436
187
436
187
436
187
436
187
436
187
462
135
289
234
289
234
289
234
489
186
495
187
500
192
506
205
508
211
508
211
508
211
477
160
394
201
397
204
397
204
397
204
397
204
397
204
397
204
443
177
443
177
443
177
443
177
443
177
443
177
443
177
443
177
443
177
443
177
443
177
443
177
443
177
289
234
289
234
194
177
194
177
194
177
194
177
194
177
216
204
218
203
221
207
223
213
226
214
228
218
231
221
232
225
232
225
232
225
232
225
232
225
232
225
232
225
150
190
158
190
177
193
177
189
58
112
58
112
58
112
58
112
58
112
58
112
58
112
58
112
58
112
58
112
190
204
190
204
190
204
190
204
190
204
190
204
190
204
190
204
190
204
190
204
190
204
190
204
190
204
190
204
190
204
58
112
58
112
58
112
58
112
58
112
58
112
58
112
58
112
58
112
58
112
58
112
58
112
58
112
58
112
58
112
58
112
58
112
58
112
58
112
227
201
230
213
233
243
237
230
236
219
237
222
240
247
241
241
241
241
236
220
236
240
236
240
236
240
236
240
227
213
227
213
227
213
227
213
227
213
227
213
227
213
227
213
227
213
227
213
227
213
227
213
227
213
280
195
300
207
305
214
351
117
372
69
386
42
399
42
413
45
413
45
474
85
494
107
515
135
549
187
540
217
540
217
540
217
323
105
290
128
290
128
223
190
223
190
223
190
223
190
223
190
80
287
91
288
99
295
112
316
122
337
122
337
122
337
122
337
122
337
122
337
233
79
233
79
233
79
206
96
197
112
187
132
171
174
163
195
171
168
175
157
186
129
184
132
184
132
168
173
168
173
168
173
154
191
151
201
151
211
151
211
151
211
222
95
261
28
277
8
277
8
277
8
277
8
277
8
277
8
277
8
386
60
413
105
422
122
422
122
455
126
461
110
468
116
481
132
481
132
481
132
481
132
481
132
453
192
453
192
453
192
453
192
453
192
453
192
453
192
366
135
455
182
455
182
455
182
509
292
509
292
524
294
524
294
477
117
467
85
479
91
488
100
502
121
507
130
523
177
528
209
528
209
543
306
552
295
558
293
566
298
569
302
569
302
371
109
371
109
315
107
287
131
287
131
231
198
231
198
231
198
231
198
231
198
90
292
78
295
46
316
55
331
58
339
75
333
75
333
120
339
120
339
120
339
183
119
161
131
161
131
161
131
161
131
161
131
161
131
161
131
161
131
161
131
161
131
161
131
177
202
177
202
177
202
177
202
177
202
177
202
177
202
159
195
159
195
159
195
159
195
176
123
170
128
158
141
158
141
137
187
128
215
128
215
128
215
93
325
79
327
66
340
61
347
61
347
68
341
79
339
85
343
85
343
85
343
323
124
332
130
332
130
332
130
414
202
414
202
414
202
414
202
562
295
477
278
575
315
568
327
560
346
560
346
374
209
373
209
373
209
373
209
462
109
472
91
490
102
497
108
502
120
502
120
502
120
502
120
502
120
502
120
502
120
502
120
502
120
502
120
455
125
455
125
495
186
495
186
495
186
495
186
495
186
495
186
495
186
495
186
508
241
334
121
316
127
316
127
316
127
316
127
316
127
316
127
316
127
316
127
82
295
88
296
98
309
102
314
165
126
175
97
175
97
187
40
170
50
160
61
145
87
133
110
116
158
102
200
81
278
73
311
73
311
73
311
55
321
59
302
65
287
70
282
80
285
86
291
86
291
86
291
315
106
339
112
365
122
365
122
365
122
365
122
564
276
557
292
529
348
347
241
347
241
347
241
427
335
417
331
417
331
417
331
417
331
417
331
281
131
281
131
281
131
235
198
227
213
194
270
182
270
163
278
163
278
200
122
190
126
185
131
169
158
151
197
145
213
118
280
103
275
92
276
75
287
75
287
75
287
75
287
75
287
347
108
378
131
378
131
378
131
378
131
378
131
312
232
324
220
331
215
339
211
544
280
353
220
353
220
478
118
471
95
471
95
478
72
493
90
503
108
514
130
532
176
549
235
555
279
555
279
569
326
576
319
580
320
585
327
579
314
569
304
562
303
555
308
545
324
545
324
545
324
490
162
475
121
479
125
479
125
479
125
479
125
491
207
491
207
57
112
57
112
57
112
57
112
57
112
57
112
57
112
57
112
57
112
57
112
57
112
57
112
57
112
57
112
57
112
174
196
289
234
289
234
289
234
289
234
289
234
289
234
289
234
289
234
289
234
376
122
388
136
388
136
388
136
422
212
422
212
422
212
445
232
459
244
467
256
467
256
467
256
467
256
465
127
470
133
470
133
486
184
486
184
486
184
486
184
486
184
486
184
486
184
486
184
486
184
486
184
486
184
486
184
486
184
480
181
507
241
489
184
492
192
492
192
492
192
492
192
492
192
470
118
472
120
475
128
504
266
504
266
504
266
493
187
497
184
499
185
500
191
501
206
501
206
501
206
501
206
458
187
458
187
458
187
324
241
324
241
324
241
103
287
117
284
288
220
296
225
157
318
157
318
157
318
203
93
203
93
178
87
156
104
141
120
132
130
132
130
125
218
125
218
125
218
124
318
124
306
124
306
127
310
129
320
134
346
136
345
136
345
136
345
136
345
136
345
190
123
183
128
167
138
148
164
149
203
149
203
149
203
149
203
149
203
149
203
169
271
169
271
336
110
357
120
368
126
368
126
58
113
58
113
58
113
533
259
58
113
58
113
58
113
58
113
58
113
58
113
58
113
58
113
58
113
58
113
496
197
498
196
501
201
503
207
58
113
58
113
58
113
468
39
475
25
480
19
58
113
58
113
504
27
510
38
520
67
527
93
58
113
544
190
58
113
58
113
58
113
58
113
58
113
418
201
411
201
58
113
58
113
58
113
58
113
468
119
482
124
492
132
509
152
521
172
542
213
553
247
567
312
58
112
58
112
58
112
579
333
572
321
561
311
554
311
543
319
543
319
454
220
446
207
473
119
473
131
58
112
58
112
58
112
58
112
459
342
460
338
459
340
458
348
451
326
446
314
438
307
433
308
425
317
58
112
58
112
417
113
427
110
436
118
436
118
436
118
442
269
397
224
451
282
524
300
540
299
552
305
571
324
583
344
587
350
582
345
574
344
572
347
58
112
364
105
335
105
316
114
298
128
298
128
224
201
224
201
224
201
128
325
128
325
72
320
45
329
49
334
78
317
86
313
86
313
86
313
86
313
86
313
86
313
86
313
86
313
86
313
361
221
365
219
365
219
407
188
428
181
443
181
370
185
370
185
506
215
506
215
506
215
506
215
355
117
333
121
321
125
321
125
321
125
321
125
321
125
85
310
289
234
289
234
289
234
289
234
289
234
219
92
219
92
219
92
192
87
181
101
164
132
151
160
129
218
58
112
58
112
58
112
58
112
58
112
97
345
100
339
58
112
58
112
152
200
58
112
58
112
263
183
58
112
58
112
58
112
58
112
58
112
58
112
58
112
58
112
58
112
58
112
410
200
58
112
58
112
58
112
58
112
58
112
58
112
58
112
58
112
58
112
58
112
58
112
58
112
58
112
58
112
40
353
40
353
39
353
39
353
39
353
39
353
39
353
523
208
534
200
531
197
531
197
531
197
531
197
531
197
88
143
106
130
106
130
106
130
106
130
106
130
106
130
152
70
152
70
152
70
152
70
152
70
152
70
152
70
152
70
152
70
152
70
152
70
152
70
152
70
152
70
152
70
435
101
435
101
435
101
435
101
435
101
435
101
435
101
435
101
435
101
435
101
435
101
435
101
435
101
435
101
435
101
435
101
435
101
435
101
435
101
435
101
435
101
435
101
435
101
435
101
435
101
435
101
435
101
435
101
435
101
353
203
336
208
57
113
289
116
272
62
172
203
163
198
150
198
58
112
174
40
154
54
123
86
100
114
107
150
115
183
123
220
123
220
123
220
58
112
166
324
174
317
185
316
196
322
207
322
213
322
224
333
227
339
227
339
58
112
229
103
217
99
196
111
180
123
162
138
133
177
112
221
116
249
58
112
58
112
58
112
58
112
58
112
58
112
58
112
331
107
354
127
354
127
354
127
354
127
354
127
478
314
58
112
58
112
58
112
566
335
564
315
562
309
559
308
556
313
555
317
555
317
337
114
316
126
306
132
306
132
306
132
306
132
306
132
306
132
306
132
63
308
72
315
78
326
90
348
90
348
177
284
177
284
177
284
177
284
198
124
187
134
169
158
155
181
131
226
131
226
94
297
88
297
80
306
74
316
65
344
65
344
137
140
158
86
178
34
178
34
161
39
153
46
153
46
133
87
119
127
110
161
95
227
85
281
85
281
59
348
44
339
43
322
48
302
57
282
67
274
73
275
83
285
83
285
156
127
175
89
185
98
193
108
206
131
206
131
289
234
289
234
289
234
289
234
289
234
289
234
289
234
319
307
289
234
289
234
289
234
289
234
289
234
289
234
289
234
289
234
289
234
386
339
389
332
391
328
395
321
395
321
395
321
395
321
395
321
395
321
410
262
410
262
423
258
423
258
436
281
440
298
447
299
450
290
456
285
460
286
465
296
468
309
474
300
477
298
482
302
485
310
486
309
486
309
486
309
486
309
486
309
510
310
515
311
518
312
521
312
521
312
521
312
521
312
521
312
581
345
575
335
566
326
557
321
557
321
557
321
443
225
442
228
442
228
442
228
442
228
442
228
584
342
616
345
123
266
11
254
11
254
11
254
11
254
168
207
226
51
147
199
144
200
167
89
138
123
116
152
101
200
104
215
111
250
111
250
272
117
298
99
330
116
349
129
320
240
406
191
432
225
461
268
461
268
461
268
461
268
461
268
356
215
585
321
355
201
540
316
523
323
523
323
523
323
523
323
461
109
470
74
488
82
501
92
515
112
517
129
520
165
523
197
525
214
525
214
534
321
535
312
538
308
539
310
540
324
540
341
533
339
528
340
519
349
517
352
517
352
436
122
438
126
438
126
438
126
438
126
438
126
481
287
490
289
490
289
490
289
490
289
490
289
490
289
490
289
490
289
490
289
515
213
521
225
521
225
512
191
497
129
479
60
476
39
484
34
489
34
497
40
503
50
512
71
519
93
529
134
535
169
538
189
538
189
538
189
538
189
288
118
276
127
276
127
276
127
276
127
276
127
84
296
89
291
98
291
105
297
108
303
108
303
191
117
201
96
201
96
201
96
203
96
199
115
195
136
189
185
189
185
189
185
189
185
189
185
189
185
189
185
189
185
189
185
189
185
189
185
550
280
544
279
532
288
524
300
431
274
431
274
431
274
300
107
270
126
270
126
270
126
270
126
270
126
103
310
79
302
83
297
91
298
93
300
93
300
172
130
189
87
189
87
175
99
166
115
157
136
142
179
132
216
132
216
99
309
89
304
73
306
62
313
45
336
49
325
58
316
65
316
74
325
81
335
81
335
209
127
246
67
278
22
278
22
278
22
288
218
295
225
295
225
295
225
427
13
447
37
402
217
500
127
500
127
500
127
500
127
500
127
306
96
287
123
287
123
243
187
243
187
243
187
243
187
243
187
82
306
70
312
53
308
54
292
57
289
57
289
78
303
90
315
90
315
90
315
181
135
181
135
166
163
154
196
154
196
154
196
289
233
114
273
104
294
100
305
141
190
170
104
166
90
161
98
154
116
149
131
149
131
134
197
130
215
116
294
116
294
116
294
355
125
355
125
228
182
230
181
230
181
230
181
230
181
289
196
444
270
426
278
426
278
426
278
423
214
423
214
423
214
423
214
423
214
423
214
494
189
493
192
493
192
493
192
426
104
426
104
366
16
366
16
366
16
366
16
366
16
366
16
366
16
205
21
166
53
139
83
95
139
80
162
85
243
93
265
93
265
93
265
93
265
162
347
175
330
184
327
193
329
207
340
211
345
211
345
211
345
240
197
226
207
321
130
321
130
321
130
422
201
438
195
438
195
438
195
507
203
515
208
504
214
504
214
504
214
504
214
504
214
504
214
504
214
482
184
482
184
482
184
515
289
515
289
515
289
515
289
467
94
472
92
484
105
492
118
500
135
515
173
525
205
525
205
553
296
557
291
564
290
568
296
572
306
524
170
492
88
476
58
482
64
487
73
494
93
499
113
502
125
512
186
514
206
514
206
535
319
541
313
551
311
557
317
559
317
552
305
542
297
539
298
525
309
383
215
383
215
471
112
466
90
466
90
492
90
503
102
514
119
514
119
529
178
529
178
529
178
529
178
556
312
561
309
566
313
570
322
572
335
572
335
554
328
547
333
58
113
58
113
58
113
58
113
58
113
494
184
58
113
58
113
58
113
546
280
561
296
561
296
58
113
478
100
58
113
478
86
487
100
493
115
500
134
510
174
517
208
517
208
517
208
517
208
517
208
517
208
517
208
517
208
512
218
518
226
518
226
289
233
516
218
499
179
211
234
466
113
454
94
453
102
452
114
452
114
452
114
452
114
443
208
442
205
440
199
438
201
437
207
437
207
437
207
437
207
437
207
437
207
487
179
489
177
488
181
487
183
487
183
487
183
487
183
487
183
487
183
487
183
502
185
511
210
515
224
515
224
544
294
551
296
562
308
568
322
576
342
576
342
565
288
518
168
487
103
487
103
443
33
427
15
427
15
427
15
448
267
438
265
433
266
433
266
433
266
433
266
433
266
317
126
317
126
317
126
317
126
317
126
317
126
317
126
317
126
317
126
317
126
317
126
317
126
317
126
317
126
317
126
317
126
317
126
317
126
223
178
223
178
223
178
223
178
223
178
223
178
223
178
223
178
223
178
223
178
223
178
223
178
223
178
223
178
223
178
189
186
189
186
189
186
159
202
152
214
140
221
142
220
142
220
142
220
142
220
142
220
142
220
142
220
142
220
142
220
142
220
142
220
142
220
142
220
142
220
142
220
142
220
142
220
142
220
142
220
142
220
142
220
97
69
116
97
116
97
189
101
207
114
207
114
207
114
207
114
207
114
207
114
207
114
310
142
310
142
310
142
258
49
258
49
258
49
258
49
258
49
258
49
258
49
258
49
258
49
258
49
