0.4984375
0.35833333333333334
0.4984375
0.35833333333333334
0.4984375
0.35833333333333334
0.4984375
0.35833333333333334
0.4984375
0.35833333333333334
0.4984375
0.35833333333333334
0.4984375
0.35833333333333334
0.4984375
0.35833333333333334
0.4984375
0.35833333333333334
0.4984375
0.35833333333333334
0.4984375
0.35833333333333334
0.4984375
0.35833333333333334
0.4984375
0.35833333333333334
0.4984375
0.35833333333333334
0.4984375
0.35833333333333334
0.4984375
0.35833333333333334
0.4984375
0.35833333333333334
0.4984375
0.35833333333333334
0.4984375
0.35833333333333334
0.4984375
0.35833333333333334
0.4984375
0.35833333333333334
0.4984375
0.35833333333333334
0.4984375
0.35833333333333334
0.8546875
0.7888888888888889
0.721875
0.3194444444444444
0.8421875
0.8722222222222222
0.8109375
0.7305555555555555
0.9265625
0.8805555555555555
0.853125
0.6777777777777778
0.896875
0.8277777777777777
0.5890625
0.5777777777777777
0.5890625
0.5777777777777777
0.5890625
0.5777777777777777
0.5890625
0.5777777777777777
0.5890625
0.5777777777777777
0.5890625
0.5777777777777777
0.546875
0.3527777777777778
0.546875
0.3527777777777778
0.546875
0.3527777777777778
0.546875
0.3527777777777778
0.546875
0.3527777777777778
0.546875
0.3527777777777778
0.546875
0.3527777777777778
0.546875
0.3527777777777778
0.546875
0.3527777777777778
0.546875
0.3527777777777778
0.546875
0.3527777777777778
0.546875
0.3527777777777778
0.546875
0.3527777777777778
0.546875
0.3527777777777778
0.546875
0.3527777777777778
0.546875
0.3527777777777778
0.546875
0.3527777777777778
0.253125
0.7638888888888888
0.253125
0.7638888888888888
0.253125
0.7638888888888888
0.253125
0.7638888888888888
0.253125
0.7638888888888888
0.253125
0.7638888888888888
0.253125
0.7638888888888888
0.1484375
0.7916666666666666
0.2953125
0.33611111111111114
0.2703125
0.575
0.2703125
0.575
0.2703125
0.575
0.2703125
0.575
0.2515625
0.7583333333333333
0.2859375
0.3527777777777778
0.171875
0.7833333333333333
0.4203125
0.3333333333333333
0.4203125
0.3333333333333333
0.4203125
0.3333333333333333
0.4203125
0.3333333333333333
0.4203125
0.3333333333333333
0.4203125
0.3333333333333333
0.4203125
0.3333333333333333
0.4203125
0.3333333333333333
0.4203125
0.3333333333333333
0.4203125
0.3333333333333333
0.6140625
0.2722222222222222
0.8046875
0.5527777777777778
0.690625
0.9277777777777778
0.690625
0.9277777777777778
0.490625
0.5611111111111111
0.5453125
0.7611111111111111
0.50625
0.6194444444444445
0.5078125
0.6388888888888888
0.5078125
0.6388888888888888
0.5078125
0.6388888888888888
0.3734375
0.5944444444444444
0.3734375
0.5944444444444444
0.3734375
0.5944444444444444
0.3734375
0.5944444444444444
0.3734375
0.5944444444444444
0.3734375
0.5944444444444444
0.3734375
0.5944444444444444
0.3734375
0.5944444444444444
0.4703125
0.35833333333333334
0.6734375
0.5305555555555556
0.6921875
0.3194444444444444
0.76875
0.5
0.85
0.7555555555555555
0.85
0.7555555555555555
0.83125
0.6
0.7765625
0.6194444444444445
0.7765625
0.6194444444444445
0.7765625
0.6194444444444445
0.7765625
0.6194444444444445
0.7765625
0.6194444444444445
0.7765625
0.6194444444444445
0.7765625
0.6194444444444445
0.7765625
0.6194444444444445
0.7765625
0.6194444444444445
0.7765625
0.6194444444444445
0.7765625
0.6194444444444445
0.7765625
0.6194444444444445
0.7765625
0.6194444444444445
0.7765625
0.6194444444444445
0.7765625
0.6194444444444445
0.7765625
0.6194444444444445
0.7765625
0.6194444444444445
0.7765625
0.6194444444444445
0.7765625
0.6194444444444445
0.7765625
0.6194444444444445
0.7765625
0.6194444444444445
0.7765625
0.6194444444444445
0.4515625
0.65
0.090625
0.3138888888888889
0.3296875
0.65
0.090625
0.31666666666666665
0.1859375
0.65
0.090625
0.31666666666666665
0.1859375
0.65
0.090625
0.31666666666666665
0.2109375
0.6111111111111112
0.4515625
0.6527777777777778
0.3296875
0.65
0.090625
0.3138888888888889
0.3296875
0.6472222222222223
0.425
0.5166666666666667
0.3171875
0.7444444444444445
0.3296875
0.65
0.3296875
0.65
0.3296875
0.65
0.0625
0.975
0.0625
0.975
0.0625
0.975
0.321875
0.5777777777777777
0.4515625
0.65
0.090625
0.31666666666666665
0.4515625
0.65
0.9453125
0.9111111111111111
0.0625
0.975
0.0625
0.975
0.0625
0.975
0.0625
0.975
0.0625
0.975
0.0625
0.975
0.4296875
0.45
0.3453125
0.5277777777777778
0.3453125
0.5277777777777778
0.3453125
0.5277777777777778
0.6015625
0.1111111111111111
0.690625
0.8805555555555555
0.690625
0.8805555555555555
0.690625
0.8805555555555555
0.765625
0.25833333333333336
0.3296875
0.65
0.3296875
0.65
0.3296875
0.65
0.3296875
0.65
0.7640625
0.95
0.553125
0.5972222222222222
0.6796875
0.8638888888888889
0.5328125
0.6083333333333333
0.521875
0.3138888888888889
0.4203125
0.5305555555555556
0.265625
0.5305555555555556
0.31875
0.325
0.4609375
0.575
0.4609375
0.575
0.4609375
0.575
0.4609375
0.575
0.4609375
0.575
0.4609375
0.575
0.4609375
0.575
0.4609375
0.575
0.4609375
0.575
0.4609375
0.575
0.4609375
0.575
0.4609375
0.575
0.4609375
0.575
0.4609375
0.575
0.4609375
0.575
0.4609375
0.575
0.4609375
0.575
0.4609375
0.575
0.4609375
0.575
0.4609375
0.575
0.4609375
0.575
0.73125
0.05277777777777778
0.921875
0.7805555555555556
0.80625
0.975
0.80625
0.975
0.80625
0.975
0.80625
0.975
0.80625
0.975
0.725
0.26666666666666666
0.725
0.26666666666666666
0.725
0.26666666666666666
0.70625
0.35
0.7953125
0.8694444444444445
0.6515625
0.6027777777777777
0.6515625
0.6027777777777777
0.6515625
0.6027777777777777
0.70625
0.3388888888888889
0.8109375
0.8
0.625
0.6027777777777777
0.8625
0.9777777777777777
0.628125
0.6055555555555555
0.628125
0.6055555555555555
0.628125
0.6055555555555555
0.628125
0.6055555555555555
0.628125
0.6055555555555555
0.628125
0.6055555555555555
0.628125
0.6055555555555555
0.728125
0.3111111111111111
0.8640625
0.8222222222222222
0.678125
0.8805555555555555
0.928125
0.975
0.675
0.9
0.9140625
0.9722222222222222
0.59375
0.3277777777777778
0.409375
0.5638888888888889
0.409375
0.5638888888888889
0.409375
0.5638888888888889
0.409375
0.5638888888888889
0.409375
0.5638888888888889
0.409375
0.5638888888888889
0.409375
0.5638888888888889
0.409375
0.5638888888888889
0.409375
0.5638888888888889
0.409375
0.5638888888888889
0.409375
0.5638888888888889
0.409375
0.5638888888888889
0.409375
0.5638888888888889
0.409375
0.5638888888888889
0.409375
0.5638888888888889
0.409375
0.5638888888888889
0.409375
0.5638888888888889
0.409375
0.5638888888888889
0.409375
0.5638888888888889
0.159375
0.8861111111111111
0.4640625
0.3388888888888889
0.6265625
0.5138888888888888
0.89375
0.8638888888888889
0.66875
0.33611111111111114
0.6765625
0.35
0.7234375
0.5916666666666667
0.8421875
0.7888888888888889
0.8421875
0.7888888888888889
0.8421875
0.7888888888888889
0.8421875
0.7888888888888889
0.8421875
0.7888888888888889
0.8421875
0.7888888888888889
0.8421875
0.7888888888888889
0.8421875
0.7888888888888889
0.8421875
0.7888888888888889
0.8421875
0.7888888888888889
0.8421875
0.7888888888888889
0.8421875
0.7888888888888889
0.8421875
0.7888888888888889
0.8421875
0.7888888888888889
0.8421875
0.7888888888888889
0.8421875
0.7888888888888889
0.8421875
0.7888888888888889
0.8421875
0.7888888888888889
0.8421875
0.7888888888888889
0.8421875
0.7888888888888889
0.8421875
0.7888888888888889
0.8421875
0.7888888888888889
0.303125
0.24444444444444444
0.303125
0.24444444444444444
0.134375
0.4666666666666667
0.3484375
0.9638888888888889
0.4
0.32222222222222224
0.4
0.32222222222222224
0.4
0.32222222222222224
0.4
0.32222222222222224
0.4
0.32222222222222224
0.4
0.32222222222222224
0.4
0.32222222222222224
0.1875
0.9722222222222222
0.090625
0.3111111111111111
0.259375
0.9138888888888889
0.090625
0.3111111111111111
0.2796875
0.9027777777777778
0.090625
0.3111111111111111
0.090625
0.3111111111111111
0.35
0.3277777777777778
0.090625
0.3111111111111111
0.2765625
0.4444444444444444
0.2765625
0.4444444444444444
0.090625
0.3111111111111111
0.090625
0.3111111111111111
