319
129
319
129
319
129
319
129
319
129
319
129
319
129
319
129
319
129
319
129
319
129
319
129
319
129
319
129
319
129
319
129
319
129
319
129
319
129
319
129
319
129
319
129
319
129
547
284
462
115
539
314
519
263
593
317
546
244
574
298
377
208
377
208
377
208
377
208
377
208
377
208
350
127
350
127
350
127
350
127
350
127
350
127
350
127
350
127
350
127
350
127
350
127
350
127
350
127
350
127
350
127
350
127
350
127
162
275
162
275
162
275
162
275
162
275
162
275
162
275
95
285
189
121
173
207
173
207
173
207
173
207
161
273
183
127
110
282
269
120
269
120
269
120
269
120
269
120
269
120
269
120
269
120
269
120
269
120
393
98
515
199
442
334
442
334
314
202
349
274
324
223
325
230
325
230
325
230
239
214
239
214
239
214
239
214
239
214
239
214
239
214
239
214
301
129
431
191
443
115
492
180
544
272
544
272
532
216
497
223
497
223
497
223
497
223
497
223
497
223
497
223
497
223
497
223
497
223
497
223
497
223
497
223
497
223
497
223
497
223
497
223
497
223
497
223
497
223
497
223
497
223
289
234
58
113
211
234
58
114
119
234
58
114
119
234
58
114
135
220
289
235
211
234
58
113
211
233
272
186
203
268
211
234
211
234
211
234
40
351
40
351
40
351
206
208
289
234
58
114
289
234
605
328
40
351
40
351
40
351
40
351
40
351
40
351
275
162
221
190
221
190
221
190
385
40
442
317
442
317
442
317
490
93
211
234
211
234
211
234
211
234
489
342
354
215
435
311
341
219
334
113
269
191
170
191
204
117
295
207
295
207
295
207
295
207
295
207
295
207
295
207
295
207
295
207
295
207
295
207
295
207
295
207
295
207
295
207
295
207
295
207
295
207
295
207
295
207
295
207
468
19
590
281
516
351
516
351
516
351
516
351
516
351
464
96
464
96
464
96
452
126
509
313
417
217
417
217
417
217
452
122
519
288
400
217
552
352
402
218
402
218
402
218
402
218
402
218
402
218
402
218
466
112
553
296
434
317
594
351
432
324
585
350
380
118
262
203
262
203
262
203
262
203
262
203
262
203
262
203
262
203
262
203
262
203
262
203
262
203
262
203
262
203
262
203
262
203
262
203
262
203
262
203
102
319
297
122
401
185
572
311
428
121
433
126
463
213
539
284
539
284
539
284
539
284
539
284
539
284
539
284
539
284
539
284
539
284
539
284
539
284
539
284
539
284
539
284
539
284
539
284
539
284
539
284
539
284
539
284
539
284
194
88
194
88
86
168
223
347
256
116
256
116
256
116
256
116
256
116
256
116
256
116
120
350
58
112
166
329
58
112
179
325
58
112
58
112
224
118
58
112
177
160
177
160
58
112
58
112
42
345
58
112
211
320
211
320
307
119
543
282
443
211
443
211
443
211
320
215
348
114
232
207
175
281
175
281
100
282
87
348
87
348
123
350
123
350
240
257
221
113
217
120
214
125
214
125
212
131
196
192
160
309
205
113
95
305
106
218
137
122
176
23
157
29
189
121
415
98
489
134
553
180
280
217
377
188
430
171
430
171
443
211
58
112
461
253
58
112
481
270
58
112
489
284
58
112
459
130
58
112
504
168
58
112
539
258
58
112
560
317
58
112
600
351
58
112
595
350
58
112
584
344
58
112
558
347
58
112
458
112
58
112
484
164
58
112
518
295
58
112
537
293
58
112
567
352
373
206
58
112
58
112
58
112
460
113
58
113
489
164
58
113
522
288
58
113
535
284
497
135
58
113
489
78
58
113
512
175
58
113
535
316
391
215
568
315
387
219
558
323
58
113
522
206
58
113
499
120
58
113
481
61
58
113
508
76
555
306
295
103
354
176
428
125
428
125
428
125
428
125
428
125
428
125
428
125
428
125
428
125
428
125
428
125
428
125
428
125
428
125
428
125
428
125
428
125
428
125
428
125
428
125
529
248
529
248
529
248
163
197
291
112
546
218
546
218
546
218
546
218
546
218
546
218
546
218
546
218
546
218
546
218
546
218
500
309
500
309
500
309
500
309
500
309
500
309
500
309
500
309
500
309
500
309
500
309
343
336
343
336
208
310
208
310
121
300
235
204
232
282
232
282
238
220
238
220
238
220
238
220
238
220
238
220
238
220
238
220
238
220
412
186
277
129
277
129
320
104
91
27
274
176
609
331
609
331
609
331
609
331
609
331
609
331
609
331
609
331
609
331
211
235
235
107
58
113
148
198
58
113
74
301
58
113
130
348
58
113
546
266
58
113
540
270
335
207
58
113
337
103
58
113
277
102
58
113
108
249
58
113
241
230
58
113
131
321
58
113
159
314
58
113
212
121
58
113
208
85
58
113
59
346
58
113
43
346
