0.0
0.0
0.0
0.0
0.0
0.0
0.2404395043849945
0.5254306197166443
0.0
0.0
0.24669694900512695
0.5754984021186829
0.27197980880737305
0.5721033215522766
0.24020640552043915
0.6483551263809204
0.25793686509132385
0.6543009281158447
0.21498540043830872
0.6725285649299622
0.0
0.0
0.2532259523868561
0.71847003698349
0.2686658203601837
0.710233747959137
0.2572042644023895
0.8314040899276733
0.2503708004951477
0.8063717484474182
0.26733487844467163
0.9353071451187134
0.2376703917980194
0.8904727697372437
0.0
0.0
0.0
0.0
0.0
0.0
0.23941373825073242
0.5247567296028137
0.0
0.0
0.24456839263439178
0.5755614638328552
0.27023833990097046
0.5713692903518677
0.23770363628864288
0.6481626629829407
0.2554646134376526
0.6466659903526306
0.21027445793151855
0.6679359674453735
0.0
0.0
0.2525056004524231
0.7162208557128906
0.2679506540298462
0.7080015540122986
0.2556637227535248
0.8285348415374756
0.24903132021427155
0.8042517900466919
0.26686960458755493
0.9336817860603333
0.2326195240020752
0.8893808126449585
0.0
0.0
0.0
0.0
0.0
0.0
0.2387063056230545
0.5252009630203247
0.0
0.0
0.24532124400138855
0.574052095413208
0.2682804763317108
0.5693005323410034
0.23518982529640198
0.6431974768638611
0.25081419944763184
0.639279305934906
0.20554831624031067
0.6614698767662048
0.0
0.0
0.25272607803344727
0.7144448757171631
0.26618266105651855
0.705274224281311
0.2542601525783539
0.8271916508674622
0.24536728858947754
0.7992730140686035
0.2664162218570709
0.9330685138702393
0.234040766954422
0.8820555210113525
0.0
0.0
0.0
0.0
0.0
0.0
0.23863567411899567
0.525252640247345
0.0
0.0
0.24545510113239288
0.5740420818328857
0.26820626854896545
0.5692037343978882
0.23537231981754303
0.643218457698822
0.2505075931549072
0.639335572719574
0.20604969561100006
0.6618452072143555
0.0
0.0
0.2528277039527893
0.7135987281799316
0.26622623205184937
0.7042933702468872
0.25414416193962097
0.8269222974777222
0.24520230293273926
0.7984575033187866
0.2659643292427063
0.9328600764274597
0.2351038008928299
0.8809385299682617
0.0
0.0
0.0
0.0
0.0
0.0
0.23771308362483978
0.5273754596710205
0.0
0.0
0.24456778168678284
0.5749784111976624
0.26644426584243774
0.5687265396118164
0.23222389817237854
0.6389337182044983
0.24439206719398499
0.6362330913543701
0.20449122786521912
0.6424468159675598
0.0
0.0
0.2520260214805603
0.7163557410240173
0.2647015154361725
0.7062029838562012
0.2541281282901764
0.8288717865943909
0.24433927237987518
0.7981902956962585
0.26704007387161255
0.9315680861473083
0.23203910887241364
0.8776358366012573
0.0
0.0
0.0
0.0
0.0
0.0
0.2376234382390976
0.5284562110900879
0.0
0.0
0.24585993587970734
0.5752944350242615
0.2633047103881836
0.568132758140564
0.2306050807237625
0.6370919346809387
0.23975864052772522
0.6345730423927307
0.2040519416332245
0.6300671696662903
0.20707613229751587
0.6152482628822327
0.2530336380004883
0.7183734178543091
0.26231348514556885
0.7071726322174072
0.25246939063072205
0.8284273743629456
0.23964925110340118
0.7937452793121338
0.2668132185935974
0.9300409555435181
0.22765372693538666
0.8700070977210999
0.0
0.0
0.0
0.0
0.0
0.0
0.23527781665325165
0.5299651622772217
0.0
0.0
0.24253076314926147
0.5772706866264343
0.2562106251716614
0.5666511058807373
0.22283577919006348
0.6365503072738647
0.23016411066055298
0.626010537147522
0.1973554641008377
0.6174717545509338
0.0
0.0
0.251617968082428
0.7144061923027039
0.25767308473587036
0.7038347125053406
0.24911336600780487
0.8251449465751648
0.23415032029151917
0.7940545082092285
0.2643076479434967
0.925903856754303
0.22013886272907257
0.874394416809082
0.0
0.0
0.0
0.0
0.0
0.0
0.2354007363319397
0.5307624936103821
0.0
0.0
0.24141238629817963
0.5794530510902405
0.2542138695716858
0.5689507126808167
0.22105836868286133
0.6338721513748169
0.22956596314907074
0.6237231492996216
0.1988043636083603
0.6044641137123108
0.20694026350975037
0.5948473811149597
0.24957261979579926
0.7179932594299316
0.254495233297348
0.7073423266410828
0.24959923326969147
0.8263012170791626
0.23055748641490936
0.7939793467521667
0.26675957441329956
0.9283056259155273
0.21670681238174438
0.8751539587974548
