0.0
0.0
0.0
0.0
0.0
0.0
0.479045033454895
0.5378503799438477
0.4898570477962494
0.5383644104003906
0.47443389892578125
0.5621930956840515
0.4967045485973358
0.5642480850219727
0.4689634442329407
0.5976645946502686
0.5047965049743652
0.5978991389274597
0.468476802110672
0.6204493641853333
0.4970039427280426
0.6121041178703308
0.4770224392414093
0.6222953796386719
0.4949243664741516
0.6239747405052185
0.463894784450531
0.6644419431686401
0.5031029582023621
0.6689808964729309
0.45749473571777344
0.7097190022468567
0.5126208662986755
0.7144657969474792
0.0
0.0
0.0
0.0
0.0
0.0
0.45113131403923035
0.5600698590278625
0.46281763911247253
0.5585886836051941
0.4495335519313812
0.5860936641693115
0.4706593453884125
0.5834837555885315
0.44638434052467346
0.6183433532714844
0.4811907410621643
0.6150323748588562
0.44998982548713684
0.628684401512146
0.47941505908966064
0.6183347105979919
0.4560496211051941
0.6469486951828003
0.47364845871925354
0.6442094445228577
0.4452590048313141
0.6822813749313354
0.4875079393386841
0.6751452684402466
0.4417543411254883
0.7245016694068909
0.5073258280754089
0.7128899693489075
0.0
0.0
0.0
0.0
0.0
0.0
0.4332509934902191
0.561330258846283
0.0
0.0
0.43337929248809814
0.5898427963256836
0.45099231600761414
0.5830328464508057
0.4317845106124878
0.6259269714355469
0.4628868103027344
0.6110110282897949
0.43348032236099243
0.642733633518219
0.4602195620536804
0.6163970232009888
0.44323644042015076
0.6471110582351685
0.4554230570793152
0.6443063020706177
0.4427003264427185
0.689681351184845
0.4578552842140198
0.6853381395339966
0.4508516192436218
0.7205873727798462
0.4685913622379303
0.7151802182197571
0.0
0.0
0.0
0.0
0.0
0.0
0.40201860666275024
0.5788939595222473
0.0
0.0
0.41119256615638733
0.6053338050842285
0.41575324535369873
0.6018192172050476
0.4199807047843933
0.6384258270263672
0.4159550368785858
0.627974808216095
0.4168022871017456
0.6554166674613953
0.4006929397583008
0.6432961225509644
0.41496342420578003
0.6632664203643799
0.42131415009498596
0.6596580743789673
0.3996736705303192
0.6985048055648804
0.4193388521671295
0.6922340393066406
0.4038211703300476
0.7373645305633545
0.4366902709007263
0.7283423542976379
0.0
0.0
0.0
0.0
0.0
0.0
0.3973689675331116
0.5866695642471313
0.0
0.0
0.4083515703678131
0.6115654110908508
0.40780752897262573
0.6091783046722412
0.4205401837825775
0.643401563167572
0.40591132640838623
0.63714200258255
0.416469007730484
0.6597785949707031
0.39024439454078674
0.6487442255020142
0.4120783507823944
0.6731595993041992
0.4164349436759949
0.6696517467498779
0.392767995595932
0.7056984305381775
0.41994208097457886
0.6974716782569885
0.39180198311805725
0.741901159286499
0.4389357566833496
0.7278081774711609
0.0
0.0
0.0
0.0
0.0
0.0
0.38957616686820984
0.5933308005332947
0.0
0.0
0.40014639496803284
0.6214303970336914
0.397727906703949
0.6092172265052795
0.40434107184410095
0.6569705605506897
0.39301326870918274
0.6340694427490234
0.3952818214893341
0.6595256924629211
0.3836856484413147
0.6383892893791199
0.4072376787662506
0.6747706532478333
0.4104306101799011
0.6664031147956848
0.38460472226142883
0.7140489220619202
0.41397997736930847
0.6965811252593994
0.37453702092170715
0.7517752051353455
0.4342697858810425
0.728149950504303
0.3821662664413452
0.6092304587364197
0.3840700387954712
0.6047165393829346
0.3802942931652069
0.60484379529953
0.38937458395957947
0.6018752455711365
0.0
0.0
0.39901918172836304
0.6248761415481567
0.38594773411750793
0.6219596266746521
0.4046650826931
0.6560467481613159
0.3870351016521454
0.645569384098053
0.3972114026546478
0.6636146306991577
0.3815324902534485
0.6416532397270203
0.40289926528930664
0.6797848343849182
0.39929041266441345
0.6764467358589172
0.3802429139614105
0.7162916660308838
0.4069199860095978
0.7059271931648254
0.362650603055954
0.7500267028808594
0.43246030807495117
0.7291824817657471
0.0
0.0
0.0
0.0
0.0
0.0
0.3313879072666168
0.6514658331871033
0.0
0.0
0.3443993628025055
0.672136127948761
0.3425036668777466
0.6645916700363159
0.3590368926525116
0.6942377090454102
0.3321932554244995
0.6810221076011658
0.3565838038921356
0.7039874792098999
0.32067787647247314
0.6875791549682617
0.3628442883491516
0.7164275050163269
0.3672063946723938
0.7111712694168091
0.33738645911216736
0.7435261011123657
0.36824315786361694
0.729278028011322
0.33115339279174805
0.7785566449165344
0.3916400969028473
0.7550718784332275
0.0
0.0
0.0
0.0
0.0
0.0
0.33257684111595154
0.6474516987800598
0.0
0.0
0.344018816947937
0.6687825918197632
0.3462807834148407
0.6568957567214966
0.35720887780189514
0.6957773566246033
0.33933454751968384
0.6781624555587769
0.35274678468704224
0.6998618245124817
0.3317721486091614
0.6818622946739197
0.3635731339454651
0.7164417505264282
0.3701494038105011
0.7087885141372681
0.33564355969429016
0.7447181940078735
0.36692532896995544
0.7273772358894348
0.33169275522232056
0.7804446816444397
0.3885204493999481
0.754008412361145
0.0
0.0
0.0
0.0
0.0
0.0
0.4354020953178406
0.5791835188865662
0.4481644630432129
0.5752797722816467
0.43121519684791565
0.608243465423584
0.456095814704895
0.5997536182403564
0.4262065887451172
0.6413020491600037
0.4695105254650116
0.6337825655937195
0.43605008721351624
0.6456741690635681
0.4828377962112427
0.6535524725914001
0.43866071105003357
0.6705605983734131
0.4579344391822815
0.6652508974075317
0.4348265826702118
0.7155981063842773
0.47513189911842346
0.7002896070480347
0.4341033399105072
0.7597560286521912
0.48934030532836914
0.7379983067512512
0.0
0.0
0.0
0.0
0.0
0.0
0.4410041868686676
0.57744300365448
0.4533959627151489
0.5738958120346069
0.43761301040649414
0.606841504573822
0.46077319979667664
0.5993596911430359
0.430979460477829
0.6407836675643921
0.47479408979415894
0.6312441229820251
0.4398958086967468
0.6487898230552673
0.4882308840751648
0.6529806852340698
0.44578027725219727
0.6689792275428772
0.46391424536705017
0.6653562188148499
0.4401421844959259
0.7093755006790161
0.4800295829772949
0.7008964419364929
0.4367787539958954
0.751368522644043
0.49304741621017456
0.7409501671791077
0.0
0.0
0.0
0.0
0.0
0.0
0.4529975354671478
0.5671066045761108
0.46492481231689453
0.5639400482177734
0.4501119554042816
0.597674548625946
0.47280997037887573
0.5887852311134338
0.44417431950569153
0.6342422962188721
0.4876812994480133
0.6147865653038025
0.44452983140945435
0.6491613388061523
0.4970122277736664
0.6309462785720825
0.4580078721046448
0.6610832810401917
0.47463005781173706
0.6565296053886414
0.45208311080932617
0.6969947218894958
0.4857485890388489
0.6892101764678955
0.45197078585624695
0.7423195242881775
0.49591103196144104
0.7337265014648438
0.0
0.0
0.0
0.0
0.0
0.0
0.45336103439331055
0.5647572875022888
0.465663343667984
0.5618698596954346
0.45066940784454346
0.5938522815704346
0.4747992157936096
0.5849871635437012
0.4455734193325043
0.6298642754554749
0.4891064763069153
0.6114002466201782
0.44586002826690674
0.647010087966919
0.5003286004066467
0.6296775341033936
0.4591789245605469
0.6597146391868591
0.47717544436454773
0.6554839611053467
0.45326969027519226
0.6913748979568481
0.4876018464565277
0.6860082149505615
0.45317739248275757
0.7339745163917542
0.5016545057296753
0.7316340208053589
0.0
0.0
0.0
0.0
0.0
0.0
0.4541352391242981
0.565247118473053
0.46655532717704773
0.5624683499336243
0.4515742063522339
0.5944517850875854
0.4753085970878601
0.5853716731071472
0.44611501693725586
0.630306601524353
0.49015694856643677
0.6104247570037842
0.4465758204460144
0.6466459035873413
0.5017934441566467
0.627691388130188
0.46012869477272034
0.6593365669250488
0.47856539487838745
0.6553105115890503
0.45146414637565613
0.6796825528144836
0.49126383662223816
0.6755874156951904
0.44800981879234314
0.721247673034668
0.5052580237388611
0.7214384078979492
0.0
0.0
0.0
0.0
0.0
0.0
0.4550727903842926
0.567387580871582
0.4672890901565552
0.5645229816436768
0.4528897702693939
0.5963242053985596
0.47588488459587097
0.5879552364349365
0.4478837847709656
0.6332181692123413
0.49119052290916443
0.6119714379310608
0.44621995091438293
0.6531740427017212
0.5031797885894775
0.6291908621788025
0.46371808648109436
0.657889723777771
0.4823882281780243
0.655354380607605
0.4510227143764496
0.6773425340652466
0.4965512454509735
0.6758627891540527
0.4445987641811371
0.713591992855072
0.51231449842453
0.715322732925415
0.0
0.0
0.0
0.0
0.0
0.0
0.45724812150001526
0.5714420676231384
0.4691079556941986
0.5686420202255249
0.45491188764572144
0.5988898277282715
0.47737884521484375
0.5907621383666992
0.44990071654319763
0.637261152267456
0.49226823449134827
0.6161693930625916
0.445437490940094
0.6592233180999756
0.5050949454307556
0.632566511631012
0.4652804434299469
0.6602815389633179
0.4838995039463043
0.6577715873718262
0.4499343931674957
0.671913206577301
0.49844449758529663
0.6707406640052795
0.4438721835613251
0.7071850895881653
0.5150815844535828
0.7087458968162537
0.0
0.0
0.0
0.0
0.0
0.0
0.4598945677280426
0.5755512714385986
0.47170695662498474
0.5730511546134949
0.45741507411003113
0.6034379005432129
0.4787848889827728
0.5952355265617371
0.45104414224624634
0.6397544741630554
0.49227896332740784
0.6192574501037598
0.4477543532848358
0.6581628322601318
0.5063515901565552
0.6315426230430603
0.4651736617088318
0.6638866066932678
0.4830487370491028
0.6607657074928284
0.4520851969718933
0.6722757816314697
0.49854233860969543
0.6707996129989624
0.4432348310947418
0.7048247456550598
0.5146466493606567
0.7083938717842102
