[[          0           0]
 [          0           0]
 [          0           0]
 [    0.24044     0.52543]
 [          0           0]
 [     0.2467      0.5755]
 [    0.27198      0.5721]
 [    0.24021     0.64836]
 [    0.25794      0.6543]
 [    0.21499     0.67253]
 [          0           0]
 [    0.25323     0.71847]
 [    0.26867     0.71023]
 [     0.2572      0.8314]
 [    0.25037     0.80637]
 [    0.26733     0.93531]
 [    0.23767     0.89047]]
[[          0           0]
 [          0           0]
 [          0           0]
 [    0.23941     0.52476]
 [          0           0]
 [    0.24457     0.57556]
 [    0.27024     0.57137]
 [     0.2377     0.64816]
 [    0.25546     0.64667]
 [    0.21027     0.66794]
 [          0           0]
 [    0.25251     0.71622]
 [    0.26795       0.708]
 [    0.25566     0.82853]
 [    0.24903     0.80425]
 [    0.26687     0.93368]
 [    0.23262     0.88938]]
[[          0           0]
 [          0           0]
 [          0           0]
 [    0.23871      0.5252]
 [          0           0]
 [    0.24532     0.57405]
 [    0.26828      0.5693]
 [    0.23519      0.6432]
 [    0.25081     0.63928]
 [    0.20555     0.66147]
 [          0           0]
 [    0.25273     0.71444]
 [    0.26618     0.70527]
 [    0.25426     0.82719]
 [    0.24537     0.79927]
 [    0.26642     0.93307]
 [    0.23404     0.88206]]
[[          0           0]
 [          0           0]
 [          0           0]
 [    0.23864     0.52525]
 [          0           0]
 [    0.24546     0.57404]
 [    0.26821      0.5692]
 [    0.23537     0.64322]
 [    0.25051     0.63934]
 [    0.20605     0.66185]
 [          0           0]
 [    0.25283      0.7136]
 [    0.26623     0.70429]
 [    0.25414     0.82692]
 [     0.2452     0.79846]
 [    0.26596     0.93286]
 [     0.2351     0.88094]]
[[          0           0]
 [          0           0]
 [          0           0]
 [    0.23771     0.52738]
 [          0           0]
 [    0.24457     0.57498]
 [    0.26644     0.56873]
 [    0.23222     0.63893]
 [    0.24439     0.63623]
 [    0.20449     0.64245]
 [          0           0]
 [    0.25203     0.71636]
 [     0.2647      0.7062]
 [    0.25413     0.82887]
 [    0.24434     0.79819]
 [    0.26704     0.93157]
 [    0.23204     0.87764]]
[[          0           0]
 [          0           0]
 [          0           0]
 [    0.23762     0.52846]
 [          0           0]
 [    0.24586     0.57529]
 [     0.2633     0.56813]
 [    0.23061     0.63709]
 [    0.23976     0.63457]
 [    0.20405     0.63007]
 [    0.20708     0.61525]
 [    0.25303     0.71837]
 [    0.26231     0.70717]
 [    0.25247     0.82843]
 [    0.23965     0.79375]
 [    0.26681     0.93004]
 [    0.22765     0.87001]]
[[          0           0]
 [          0           0]
 [          0           0]
 [    0.23528     0.52997]
 [          0           0]
 [    0.24253     0.57727]
 [    0.25621     0.56665]
 [    0.22284     0.63655]
 [    0.23016     0.62601]
 [    0.19736     0.61747]
 [          0           0]
 [    0.25162     0.71441]
 [    0.25767     0.70383]
 [    0.24911     0.82514]
 [    0.23415     0.79405]
 [    0.26431      0.9259]
 [    0.22014     0.87439]]
[[          0           0]
 [          0           0]
 [          0           0]
 [     0.2354     0.53076]
 [          0           0]
 [    0.24141     0.57945]
 [    0.25421     0.56895]
 [    0.22106     0.63387]
 [    0.22957     0.62372]
 [     0.1988     0.60446]
 [    0.20694     0.59485]
 [    0.24957     0.71799]
 [     0.2545     0.70734]
 [     0.2496      0.8263]
 [    0.23056     0.79398]
 [    0.26676     0.92831]
 [    0.21671     0.87515]]
