[319, 129]
[319, 129]
[319, 129]
[319, 129]
[319, 129]
[319, 129]
[319, 129]
[319, 129]
[319, 129]
[319, 129]
[319, 129]
[319, 129]
[319, 129]
[319, 129]
[319, 129]
[319, 129]
[319, 129]
[319, 129]
[319, 129]
[319, 129]
[319, 129]
[319, 129]
[319, 129]
[547, 284]
[462, 115]
[539, 314]
[519, 263]
[593, 317]
[546, 244]
[574, 298]
[377, 208]
[377, 208]
[377, 208]
[377, 208]
[377, 208]
[377, 208]
[350, 127]
[350, 127]
[350, 127]
[350, 127]
[350, 127]
[350, 127]
[350, 127]
[350, 127]
[350, 127]
[350, 127]
[350, 127]
[350, 127]
[350, 127]
[350, 127]
[350, 127]
[350, 127]
[350, 127]
[162, 275]
[162, 275]
[162, 275]
[162, 275]
[162, 275]
[162, 275]
[162, 275]
[95, 285]
[189, 121]
[173, 207]
[173, 207]
[173, 207]
[173, 207]
[161, 273]
[183, 127]
[110, 282]
[269, 120]
[269, 120]
[269, 120]
[269, 120]
[269, 120]
[269, 120]
[269, 120]
[269, 120]
[269, 120]
[269, 120]
[393, 98]
[515, 199]
