[[          0           0]
 [          0           0]
 [          0           0]
 [          0           0]
 [    0.68651     0.65933]
 [    0.67258     0.67202]
 [    0.67979     0.69451]
 [     0.6889     0.69167]
 [    0.68056     0.74564]
 [    0.70721     0.68073]
 [    0.70625     0.73593]
 [    0.65812     0.76451]
 [    0.66391     0.77738]
 [    0.68428     0.81632]
 [    0.69547     0.84274]
 [    0.67346     0.88887]
 [     0.6886      0.9249]]
[[          0           0]
 [          0           0]
 [    0.67757     0.67712]
 [          0           0]
 [    0.67067     0.68297]
 [    0.64591     0.69381]
 [    0.66936     0.71904]
 [    0.62846     0.70757]
 [    0.68741     0.75853]
 [     0.6383     0.73648]
 [    0.70394     0.76112]
 [    0.63722     0.78658]
 [    0.64978     0.80095]
 [    0.67316     0.85808]
 [    0.67656     0.87724]
 [    0.66212      0.9316]
 [    0.66239     0.94785]]
[[    0.67698     0.68384]
 [          0           0]
 [    0.67512     0.67996]
 [          0           0]
 [    0.66799     0.68548]
 [    0.64291     0.69651]
 [    0.66688     0.72094]
 [     0.6261     0.71273]
 [    0.69616     0.75795]
 [    0.63426     0.73936]
 [    0.72229     0.75827]
 [    0.63466     0.79019]
 [    0.64645     0.80386]
 [    0.66828     0.85439]
 [    0.67178     0.87349]
 [    0.65992     0.92864]
 [     0.6596     0.94715]]
[[    0.67397     0.68499]
 [          0           0]
 [    0.67136     0.68126]
 [          0           0]
 [    0.66503     0.68813]
 [    0.63962     0.69797]
 [     0.6655     0.72187]
 [    0.62192      0.7132]
 [    0.68819     0.75319]
 [    0.63369     0.73559]
 [    0.71453     0.74685]
 [    0.62757     0.79235]
 [    0.64039     0.80688]
 [    0.66878     0.84676]
 [    0.67247     0.87414]
 [    0.65992     0.91674]
 [    0.66118      0.9513]]
[[          0           0]
 [          0           0]
 [          0           0]
 [          0           0]
 [     0.6611     0.69077]
 [    0.63585     0.69686]
 [    0.66168     0.72429]
 [    0.61829     0.70292]
 [    0.67876     0.75103]
 [    0.62923     0.71265]
 [     0.6921     0.73523]
 [    0.62092     0.79138]
 [    0.63454     0.80776]
 [    0.66235     0.83691]
 [    0.66948     0.87026]
 [    0.65197     0.90461]
 [    0.66031     0.94844]]
[[          0           0]
 [          0           0]
 [          0           0]
 [    0.64366     0.68193]
 [     0.6585     0.69104]
 [    0.62936     0.70077]
 [    0.65914     0.72278]
 [     0.6124     0.72781]
 [    0.67002     0.74892]
 [    0.62366     0.74001]
 [    0.66941     0.72704]
 [    0.61525     0.79214]
 [    0.63454      0.8069]
 [    0.64064     0.82799]
 [    0.66189     0.86321]
 [    0.62745     0.88867]
 [    0.65724     0.93876]]
[[          0           0]
 [          0           0]
 [          0           0]
 [    0.63693     0.67822]
 [    0.65242      0.6886]
 [    0.62345     0.69887]
 [    0.65243     0.72284]
 [    0.60558      0.7273]
 [    0.65441     0.75451]
 [    0.61448     0.73336]
 [          0           0]
 [    0.61073     0.78856]
 [    0.63116     0.80451]
 [     0.6299     0.82555]
 [    0.65813     0.86329]
 [    0.61499     0.88295]
 [    0.65885     0.93558]]
[[          0           0]
 [          0           0]
 [          0           0]
 [    0.63689     0.67825]
 [    0.65242     0.68862]
 [    0.62346     0.69892]
 [    0.65249     0.72279]
 [    0.60558     0.72747]
 [    0.65429     0.75429]
 [    0.61452     0.73329]
 [          0           0]
 [    0.61074     0.78875]
 [    0.63122     0.80467]
 [    0.62998     0.82563]
 [    0.65812     0.86341]
 [    0.61495     0.88314]
 [    0.65873     0.93588]]
[[          0           0]
 [          0           0]
 [          0           0]
 [    0.62869     0.67577]
 [     0.6458     0.68435]
 [    0.61511     0.70011]
 [    0.64624     0.71756]
 [    0.59473     0.73179]
 [    0.64705       0.746]
 [    0.60896     0.73402]
 [          0           0]
 [    0.60482      0.7934]
 [    0.62847     0.80547]
 [    0.61509     0.83183]
 [    0.65502     0.86123]
 [    0.59575     0.89369]
 [    0.66045      0.9344]]
[[          0           0]
 [          0           0]
 [          0           0]
 [    0.62283     0.67426]
 [     0.6374     0.67995]
 [    0.60906     0.70109]
 [     0.6374      0.7142]
 [    0.58427     0.73074]
 [    0.63975     0.74526]
 [     0.5968     0.73579]
 [          0           0]
 [    0.59562     0.79251]
 [    0.61878      0.8002]
 [    0.59991     0.84406]
 [    0.65089     0.85856]
 [    0.57731     0.89898]
 [    0.66096     0.91348]]
[[          0           0]
 [          0           0]
 [          0           0]
 [    0.61437     0.66842]
 [    0.63096     0.67531]
 [    0.60096     0.69681]
 [    0.63247     0.71401]
 [    0.57781     0.72739]
 [    0.63229     0.75373]
 [    0.59041     0.74067]
 [          0           0]
 [     0.5875     0.78649]
 [    0.61257     0.79551]
 [    0.59214     0.84616]
 [     0.6399     0.86112]
 [    0.56957     0.89601]
 [     0.6521     0.90791]]
[[          0           0]
 [          0           0]
 [          0           0]
 [    0.60638      0.6665]
 [    0.62311     0.67308]
 [    0.59259     0.69606]
 [     0.6252     0.71335]
 [    0.56804      0.7298]
 [    0.62242     0.76325]
 [    0.58398     0.74807]
 [    0.60763     0.76598]
 [    0.58118     0.78775]
 [    0.60733     0.79616]
 [    0.57902     0.85841]
 [    0.63013     0.87189]
 [    0.56177     0.90898]
 [    0.64245      0.9186]]
[[          0           0]
 [          0           0]
 [          0           0]
 [    0.59637      0.6659]
 [    0.61341     0.67163]
 [    0.58333     0.69581]
 [    0.61621     0.71338]
 [    0.55799     0.72757]
 [    0.62011     0.76904]
 [    0.57356     0.74643]
 [    0.61105     0.79735]
 [    0.57582     0.78826]
 [    0.60279     0.79612]
 [    0.56999     0.86121]
 [    0.62549     0.86775]
 [    0.55012     0.92462]
 [    0.64347     0.92521]]
[[          0           0]
 [          0           0]
 [          0           0]
 [    0.59637     0.66592]
 [    0.61341     0.67165]
 [    0.58332     0.69584]
 [    0.61619     0.71338]
 [    0.55796      0.7276]
 [    0.62007     0.76904]
 [    0.57359     0.74643]
 [    0.61103     0.79736]
 [    0.57581     0.78828]
 [    0.60279     0.79613]
 [    0.56997      0.8613]
 [    0.62548     0.86781]
 [    0.55018     0.92478]
 [    0.64351     0.92533]]
[[          0           0]
 [          0           0]
 [          0           0]
 [    0.58917     0.66412]
 [    0.60503      0.6686]
 [    0.57563     0.69451]
 [    0.60859     0.71112]
 [    0.55124     0.72377]
 [    0.61496     0.76821]
 [     0.5529     0.73727]
 [     0.6137     0.79039]
 [     0.5666     0.79331]
 [    0.59381     0.80089]
 [    0.55398     0.86144]
 [    0.61997     0.87079]
 [    0.53865     0.93426]
 [    0.63839     0.93875]]
[[          0           0]
 [          0           0]
 [          0           0]
 [     0.5787     0.64741]
 [    0.59544     0.65192]
 [    0.56545     0.67663]
 [    0.59791     0.69538]
 [    0.53971     0.70017]
 [    0.60136     0.75127]
 [    0.53714     0.71546]
 [     0.6092     0.78277]
 [    0.55806     0.77132]
 [    0.58285      0.7795]
 [     0.5494     0.84453]
 [    0.59979     0.85428]
 [    0.53467     0.91648]
 [    0.60827     0.92331]]
[[          0           0]
 [          0           0]
 [          0           0]
 [    0.54251     0.63773]
 [    0.56005     0.64656]
 [    0.52741     0.66776]
 [    0.56619     0.68503]
 [    0.50784     0.71566]
 [    0.56535     0.73583]
 [    0.50958     0.72467]
 [    0.55475     0.74884]
 [    0.52002     0.76492]
 [    0.54648     0.77441]
 [    0.51411     0.82064]
 [    0.54153     0.85007]
 [    0.49945     0.87657]
 [     0.5289     0.92524]]
[[          0           0]
 [          0           0]
 [          0           0]
 [    0.53921     0.63968]
 [    0.55379     0.64775]
 [    0.52375     0.66463]
 [    0.55858     0.68579]
 [    0.50824     0.70792]
 [    0.56248     0.74044]
 [    0.50284     0.72507]
 [    0.55838     0.76701]
 [    0.51574     0.75872]
 [    0.53942     0.77103]
 [    0.50802     0.81451]
 [     0.5369     0.84341]
 [    0.49421     0.86806]
 [    0.52505     0.91165]]
[[          0           0]
 [          0           0]
 [          0           0]
 [    0.53594      0.6377]
 [      0.551     0.64535]
 [     0.5203     0.66391]
 [    0.55459     0.68335]
 [    0.50145     0.70789]
 [    0.55675     0.74077]
 [     0.4984     0.72845]
 [     0.5556     0.78058]
 [    0.51022     0.75563]
 [    0.53368     0.76676]
 [    0.50315      0.8143]
 [    0.53325     0.83974]
 [    0.49258     0.86358]
 [    0.52466     0.90262]]
[[     0.6543     0.70934]
 [          0           0]
 [    0.65298      0.7056]
 [          0           0]
 [    0.64711      0.7028]
 [     0.6303     0.71839]
 [    0.63526     0.72489]
 [          0           0]
 [    0.62699     0.76859]
 [          0           0]
 [    0.64623     0.79577]
 [    0.61239     0.79707]
 [    0.62161     0.80259]
 [    0.61863     0.84068]
 [    0.65738     0.84908]
 [    0.59215     0.87641]
 [    0.67345      0.8916]]
[[          0           0]
 [          0           0]
 [          0           0]
 [          0           0]
 [    0.54696     0.64388]
 [    0.51552     0.66448]
 [    0.55057     0.68433]
 [     0.4954     0.70477]
 [    0.55306     0.73761]
 [    0.49524       0.735]
 [    0.55356     0.76892]
 [    0.50699     0.75874]
 [    0.53132     0.76931]
 [    0.49906     0.81316]
 [     0.5343     0.83877]
 [     0.4891      0.8663]
 [    0.53023     0.90429]]
[[          0           0]
 [          0           0]
 [          0           0]
 [          0           0]
 [    0.54309     0.64112]
 [    0.51275      0.6587]
 [    0.54677     0.67973]
 [    0.49142     0.69218]
 [    0.55073     0.73128]
 [    0.48996     0.72021]
 [    0.55122     0.76539]
 [     0.5053     0.75317]
 [    0.52882     0.76381]
 [    0.50077     0.81389]
 [    0.53361     0.83559]
 [    0.48899     0.86018]
 [    0.52894     0.88967]]
[[          0           0]
 [          0           0]
 [          0           0]
 [          0           0]
 [    0.54295     0.64106]
 [    0.51273     0.65887]
 [    0.54668      0.6796]
 [    0.49148     0.69245]
 [    0.55072     0.73083]
 [    0.49025     0.72006]
 [    0.55119     0.76497]
 [     0.5053     0.75321]
 [    0.52882     0.76374]
 [    0.50077     0.81347]
 [    0.53385     0.83516]
 [    0.48894     0.85983]
 [    0.52944     0.88952]]
[[          0           0]
 [          0           0]
 [          0           0]
 [          0           0]
 [    0.53863     0.63874]
 [    0.51002     0.65789]
 [    0.54284     0.67727]
 [    0.49191     0.68989]
 [    0.54658     0.73009]
 [    0.48423     0.71732]
 [     0.5493     0.75845]
 [    0.50407     0.75425]
 [    0.52701     0.76287]
 [    0.49707     0.80883]
 [    0.53445     0.82516]
 [    0.49193     0.86209]
 [    0.53104     0.88433]]
[[          0           0]
 [          0           0]
 [          0           0]
 [          0           0]
 [    0.53683     0.63394]
 [    0.50914     0.65479]
 [    0.54141     0.67188]
 [    0.48947     0.68691]
 [    0.54515     0.72383]
 [    0.47912     0.71551]
 [    0.54595     0.75508]
 [    0.50314     0.74598]
 [    0.52593     0.75333]
 [    0.49405      0.8044]
 [    0.53158     0.81412]
 [    0.49087     0.86225]
 [    0.53131     0.87233]]
[[          0           0]
 [          0           0]
 [          0           0]
 [          0           0]
 [    0.53677     0.63079]
 [    0.50748       0.651]
 [    0.54035     0.66765]
 [    0.48902     0.68343]
 [    0.54353     0.71913]
 [    0.47698      0.7129]
 [    0.54491     0.75261]
 [    0.50214     0.74337]
 [    0.52559     0.75063]
 [    0.49233     0.80247]
 [    0.53186     0.81213]
 [    0.49223     0.85988]
 [    0.53325     0.87041]]
[[          0           0]
 [          0           0]
 [          0           0]
 [          0           0]
 [    0.53488     0.62766]
 [    0.50631     0.64757]
 [    0.53992     0.66442]
 [    0.48783     0.68123]
 [    0.54391     0.71783]
 [    0.47663     0.71028]
 [    0.54366     0.74616]
 [    0.50198      0.7405]
 [    0.52659     0.74746]
 [     0.4896     0.79363]
 [    0.53394     0.80152]
 [    0.49094     0.85877]
 [    0.53877     0.86556]]
[[          0           0]
 [          0           0]
 [          0           0]
 [          0           0]
 [    0.53424     0.62658]
 [    0.50569     0.64589]
 [    0.53902     0.66417]
 [    0.48745     0.68026]
 [    0.54451     0.71774]
 [    0.47608     0.71092]
 [    0.54223     0.74443]
 [    0.50007     0.73879]
 [    0.52525     0.74669]
 [    0.48669      0.7862]
 [    0.53562     0.79732]
 [    0.48621     0.85141]
 [    0.54545     0.86302]]
[[          0           0]
 [          0           0]
 [          0           0]
 [          0           0]
 [    0.53447     0.62653]
 [    0.50573      0.6459]
 [     0.5391     0.66404]
 [    0.48741     0.68037]
 [    0.54444     0.71774]
 [    0.47599     0.71128]
 [     0.5424      0.7446]
 [    0.50015       0.739]
 [    0.52532     0.74676]
 [    0.48659     0.78582]
 [    0.53533     0.79655]
 [     0.4862     0.85168]
 [    0.54512      0.8626]]
[[          0           0]
 [          0           0]
 [          0           0]
 [    0.51898     0.62012]
 [    0.53326     0.62656]
 [    0.50415     0.64621]
 [    0.53818     0.66488]
 [    0.48739     0.68115]
 [    0.54471     0.71893]
 [    0.47565     0.71578]
 [    0.54245      0.7455]
 [    0.49947     0.74219]
 [    0.52566     0.75005]
 [    0.48326     0.78464]
 [    0.53562     0.79528]
 [    0.48217     0.85184]
 [    0.54878     0.86177]]
[[          0           0]
 [          0           0]
 [          0           0]
 [          0           0]
 [    0.53126     0.62742]
 [     0.5044     0.64907]
 [    0.53682     0.66442]
 [    0.48911     0.67879]
 [    0.54451     0.71734]
 [    0.47772     0.71281]
 [    0.54306     0.74176]
 [    0.50058     0.74388]
 [     0.5262     0.74798]
 [    0.48078     0.78983]
 [    0.53433     0.78798]
 [    0.47347     0.85497]
 [     0.5513      0.8429]]
[[          0           0]
 [          0           0]
 [          0           0]
 [    0.51297      0.6278]
 [    0.52945     0.63051]
 [    0.50393      0.6545]
 [    0.53658     0.66822]
 [    0.48951     0.68699]
 [    0.54282     0.72464]
 [     0.4786     0.71887]
 [    0.54112     0.74168]
 [    0.50011     0.74947]
 [    0.52643      0.7522]
 [    0.47895     0.79257]
 [    0.53625     0.78837]
 [    0.47043      0.8554]
 [    0.55147     0.83782]]
[[          0           0]
 [          0           0]
 [          0           0]
 [     0.5119     0.63557]
 [    0.52852     0.63786]
 [    0.50287     0.66599]
 [    0.53526     0.67303]
 [    0.48925     0.70159]
 [    0.54109     0.72376]
 [    0.48242     0.72059]
 [    0.54154     0.74562]
 [    0.50139     0.75635]
 [    0.52709     0.75728]
 [    0.48031     0.79636]
 [    0.53814     0.79339]
 [    0.46698     0.85835]
 [    0.54906     0.84732]]
[[          0           0]
 [          0           0]
 [          0           0]
 [    0.51267      0.6421]
 [    0.52919     0.64431]
 [    0.50272     0.67213]
 [    0.53595     0.67881]
 [    0.48941     0.71554]
 [    0.54226     0.72984]
 [    0.48349     0.74724]
 [     0.5435      0.7492]
 [     0.5031     0.76002]
 [     0.5295     0.76142]
 [    0.48072     0.79173]
 [    0.53996     0.78997]
 [    0.46737     0.85819]
 [    0.55053     0.84835]]
[[          0           0]
 [          0           0]
 [          0           0]
 [    0.51302      0.6419]
 [    0.52933     0.64416]
 [    0.50275     0.67206]
 [    0.53605     0.67885]
 [    0.48948     0.71522]
 [    0.54252     0.72984]
 [    0.48335     0.74731]
 [    0.54329     0.74927]
 [    0.50311     0.76019]
 [    0.52951     0.76157]
 [     0.4809     0.79143]
 [    0.53984     0.78924]
 [     0.4673     0.85847]
 [    0.55016     0.84792]]
[[          0           0]
 [          0           0]
 [          0           0]
 [    0.51594     0.64431]
 [    0.53216     0.64618]
 [    0.50726     0.67363]
 [     0.5397     0.68001]
 [    0.49336     0.71736]
 [    0.54705     0.73104]
 [    0.48494     0.75224]
 [    0.54725     0.74981]
 [    0.50505     0.76146]
 [    0.53066     0.76274]
 [    0.48416     0.79345]
 [     0.5428     0.79302]
 [    0.46951     0.85855]
 [    0.54906     0.85036]]
[[          0           0]
 [          0           0]
 [          0           0]
 [     0.5217     0.64282]
 [    0.53726     0.64558]
 [    0.51276     0.67333]
 [     0.5451     0.68057]
 [    0.50094     0.71719]
 [    0.55302     0.73282]
 [    0.48972     0.75215]
 [    0.55806     0.75106]
 [    0.50887     0.76151]
 [    0.53507     0.76267]
 [    0.48842     0.79438]
 [    0.54938     0.79552]
 [    0.47306     0.85729]
 [    0.55132     0.85364]]
[[          0           0]
 [          0           0]
 [          0           0]
 [    0.52908     0.63964]
 [    0.54632     0.64197]
 [    0.51813     0.66998]
 [    0.55359     0.67682]
 [    0.50529     0.71553]
 [    0.56301     0.72732]
 [    0.49907     0.74813]
 [    0.56913     0.75131]
 [    0.51222     0.75925]
 [    0.53982     0.76121]
 [    0.48888     0.79497]
 [    0.55212     0.79893]
 [    0.47088     0.85628]
 [     0.5551     0.85672]]
[[          0           0]
 [          0           0]
 [          0           0]
 [    0.53654     0.63409]
 [    0.55259     0.63771]
 [     0.5259     0.66295]
 [    0.56073      0.6731]
 [      0.512     0.70399]
 [    0.56738     0.72317]
 [    0.50014     0.73391]
 [    0.57497       0.744]
 [    0.51866     0.75255]
 [    0.54589     0.75607]
 [    0.49858     0.79232]
 [    0.55745     0.80106]
 [     0.4787     0.84837]
 [    0.55157     0.85813]]
[[          0           0]
 [          0           0]
 [          0           0]
 [    0.54512     0.62886]
 [    0.56099     0.63321]
 [    0.53461     0.65624]
 [    0.56802     0.66798]
 [    0.51762      0.6943]
 [    0.57457     0.71723]
 [    0.50667     0.71984]
 [    0.58121     0.74136]
 [    0.52677     0.74416]
 [    0.55195     0.74849]
 [    0.50698     0.79447]
 [    0.55755     0.80404]
 [    0.48532     0.84481]
 [    0.54962     0.85681]]
[[          0           0]
 [          0           0]
 [          0           0]
 [    0.54516     0.62888]
 [    0.56102     0.63333]
 [    0.53466     0.65616]
 [    0.56792     0.66789]
 [     0.5178     0.69445]
 [    0.57449      0.7169]
 [    0.50734     0.71799]
 [    0.58088     0.74086]
 [    0.52672     0.74387]
 [    0.55189     0.74845]
 [    0.50703     0.79402]
 [    0.55818      0.8047]
 [    0.48543     0.84435]
 [    0.55062     0.85858]]
[[          0           0]
 [          0           0]
 [          0           0]
 [          0           0]
 [    0.61123     0.63982]
 [    0.58596     0.65382]
 [    0.61075     0.66241]
 [    0.56494     0.68101]
 [    0.60066     0.68963]
 [    0.56215     0.69819]
 [    0.59415     0.70534]
 [    0.58076     0.73127]
 [    0.59804     0.73598]
 [    0.57135     0.78188]
 [    0.59585     0.79255]
 [          0           0]
 [          0           0]]
[[          0           0]
 [          0           0]
 [          0           0]
 [    0.56083      0.6922]
 [    0.57655     0.69549]
 [    0.55419     0.72581]
 [    0.58309      0.7332]
 [     0.5409     0.76907]
 [    0.58882     0.78216]
 [    0.53318     0.80162]
 [    0.58856     0.81686]
 [    0.54954     0.80649]
 [    0.56999      0.8109]
 [    0.54356     0.86325]
 [    0.57345      0.8776]
 [     0.5254     0.89827]
 [          0           0]]
[[          0           0]
 [          0           0]
 [          0           0]
 [    0.56073     0.69218]
 [    0.57661      0.6955]
 [    0.55432     0.72584]
 [    0.58318     0.73325]
 [    0.54099     0.76914]
 [    0.58886     0.78203]
 [     0.5331     0.80169]
 [    0.58801     0.81646]
 [    0.54941     0.80632]
 [    0.56999     0.81071]
 [     0.5427     0.86251]
 [    0.57369     0.87705]
 [    0.52398     0.89714]
 [          0           0]]
[[          0           0]
 [          0           0]
 [          0           0]
 [          0           0]
 [    0.57111     0.69173]
 [    0.54853     0.72187]
 [    0.57644     0.72841]
 [    0.53539     0.76114]
 [    0.58369     0.77483]
 [    0.52904     0.79659]
 [    0.58654     0.80683]
 [    0.54563     0.80161]
 [    0.56578     0.80472]
 [    0.53703     0.85533]
 [    0.56951     0.86315]
 [    0.52058     0.89489]
 [    0.56949      0.9048]]
[[          0           0]
 [          0           0]
 [          0           0]
 [          0           0]
 [    0.56624     0.68595]
 [    0.54223     0.71389]
 [    0.57291     0.72262]
 [    0.53046     0.75507]
 [    0.58271     0.77074]
 [    0.52818      0.7935]
 [    0.59126     0.80541]
 [    0.54038     0.79892]
 [    0.56206     0.80297]
 [    0.52926     0.85385]
 [     0.5648     0.86383]
 [    0.51567     0.88777]
 [          0           0]]
[[          0           0]
 [          0           0]
 [    0.56756     0.67555]
 [          0           0]
 [    0.56136     0.68144]
 [    0.53847     0.70892]
 [    0.56659      0.7171]
 [    0.52643     0.74669]
 [    0.57411     0.76291]
 [    0.53128     0.78335]
 [    0.58016     0.80093]
 [    0.53571     0.79422]
 [    0.55653     0.79822]
 [    0.52677     0.85142]
 [    0.56478     0.85977]
 [    0.51398     0.89044]
 [    0.56617     0.90263]]
[[          0           0]
 [          0           0]
 [          0           0]
 [          0           0]
 [    0.65932     0.68151]
 [    0.64339      0.6855]
 [    0.64609     0.71543]
 [    0.65045     0.69206]
 [    0.63409     0.76143]
 [     0.6577     0.69131]
 [    0.62595     0.81307]
 [    0.61866     0.76848]
 [    0.62685     0.78419]
 [    0.61242     0.82317]
 [    0.64926     0.85537]
 [    0.58755     0.86676]
 [    0.66122      0.9162]]
[[          0           0]
 [          0           0]
 [          0           0]
 [          0           0]
 [     0.5563     0.67051]
 [    0.53405     0.69633]
 [    0.55959     0.70427]
 [     0.5224     0.73298]
 [    0.55959     0.74949]
 [    0.53417      0.7464]
 [     0.5635     0.77026]
 [    0.53224     0.78071]
 [    0.55107     0.78548]
 [    0.52565     0.83792]
 [    0.55733     0.84854]
 [    0.51511     0.88705]
 [    0.55005       0.905]]
[[    0.68461     0.70905]
 [          0           0]
 [    0.68288     0.70274]
 [          0           0]
 [     0.6745     0.69819]
 [    0.66415     0.71902]
 [    0.65622     0.72568]
 [    0.66158     0.75933]
 [    0.64495      0.7789]
 [    0.67122     0.77184]
 [     0.6472     0.82225]
 [     0.6378     0.79278]
 [    0.63617     0.79871]
 [    0.64441     0.84544]
 [    0.65825     0.86375]
 [    0.61393     0.87949]
 [    0.65974      0.9144]]
[[    0.56335     0.66748]
 [          0           0]
 [    0.56036     0.66261]
 [          0           0]
 [    0.55283      0.6646]
 [    0.53239     0.69024]
 [    0.55695     0.69939]
 [    0.52372     0.72495]
 [    0.55935     0.74462]
 [    0.53772     0.73514]
 [    0.56397     0.76524]
 [    0.53081     0.77399]
 [    0.54977     0.77929]
 [    0.52338     0.83476]
 [    0.55814      0.8434]
 [    0.51615     0.88763]
 [    0.55538      0.9016]]
[[    0.69171     0.71931]
 [          0           0]
 [    0.69163     0.71181]
 [          0           0]
 [    0.68472     0.70488]
 [    0.66765     0.71829]
 [    0.66506     0.72456]
 [     0.6644     0.75195]
 [    0.65082     0.78241]
 [    0.67021     0.77955]
 [     0.6515     0.82752]
 [    0.64499     0.78912]
 [    0.64337     0.79035]
 [    0.66161     0.87254]
 [    0.66244     0.86267]
 [    0.64803     0.90726]
 [     0.6413     0.88887]]
[[    0.55908     0.66504]
 [          0           0]
 [    0.55655      0.6601]
 [          0           0]
 [    0.54851     0.66125]
 [    0.53201      0.6834]
 [    0.54845     0.69338]
 [          0           0]
 [    0.55061     0.73771]
 [          0           0]
 [    0.56118     0.74967]
 [    0.52866     0.76787]
 [    0.54237     0.77229]
 [    0.52201     0.83169]
 [    0.54839     0.83589]
 [    0.51266     0.88457]
 [     0.5459      0.8906]]
[[    0.71033     0.72712]
 [          0           0]
 [    0.70862     0.72085]
 [          0           0]
 [    0.69904     0.71717]
 [    0.69004     0.73366]
 [    0.68158     0.73997]
 [          0           0]
 [     0.6652     0.79128]
 [          0           0]
 [    0.66209     0.84606]
 [    0.66011     0.79473]
 [    0.65418     0.79902]
 [    0.68106     0.86461]
 [    0.67209     0.87385]
 [    0.66575      0.9287]
 [    0.66279     0.94669]]
[[    0.55741     0.66447]
 [          0           0]
 [     0.5551     0.65925]
 [          0           0]
 [    0.54559     0.65862]
 [      0.544     0.68484]
 [    0.53849     0.68781]
 [     0.5491     0.72464]
 [    0.54638     0.73194]
 [          0           0]
 [     0.5595     0.73749]
 [    0.53937     0.76651]
 [    0.53316     0.76872]
 [    0.54831     0.82543]
 [    0.52458     0.82989]
 [    0.54533      0.8757]
 [    0.51581     0.88377]]
[[    0.72659     0.73519]
 [          0           0]
 [    0.72474     0.72946]
 [          0           0]
 [     0.7157     0.72646]
 [    0.70664      0.7391]
 [    0.69788     0.74635]
 [          0           0]
 [    0.67672     0.79237]
 [          0           0]
 [    0.67474     0.84449]
 [    0.67338      0.8017]
 [    0.66506     0.80483]
 [     0.7029     0.87066]
 [    0.67953     0.87299]
 [     0.7011     0.93973]
 [    0.66682     0.94488]]
[[    0.55753     0.66412]
 [          0           0]
 [    0.55517     0.65898]
 [          0           0]
 [    0.54565     0.65821]
 [    0.54585     0.68555]
 [    0.53714     0.68599]
 [    0.54819     0.72729]
 [     0.5436      0.7277]
 [    0.55796      0.7375]
 [    0.55681     0.73267]
 [    0.53911     0.76287]
 [    0.53103     0.76413]
 [    0.54633     0.82115]
 [     0.5257     0.82474]
 [    0.54276     0.87241]
 [    0.51511     0.87954]]
[[    0.73207     0.74329]
 [          0           0]
 [    0.73138     0.73762]
 [          0           0]
 [    0.72283     0.73255]
 [     0.7072     0.74581]
 [    0.70336     0.75189]
 [          0           0]
 [    0.68106     0.79886]
 [          0           0]
 [    0.68106     0.84667]
 [     0.6753     0.81072]
 [    0.67145     0.81349]
 [     0.7037     0.87919]
 [    0.69217     0.87933]
 [    0.69961     0.94708]
 [    0.68308     0.94747]]
[[    0.55837     0.66446]
 [          0           0]
 [    0.55609     0.65918]
 [          0           0]
 [    0.54775     0.65755]
 [    0.53026     0.67402]
 [    0.54703     0.68888]
 [          0           0]
 [    0.54805     0.73356]
 [          0           0]
 [    0.56038     0.74091]
 [    0.52385     0.75298]
 [    0.53725     0.75899]
 [    0.51911     0.80868]
 [     0.5446     0.81266]
 [    0.51125     0.86303]
 [     0.5433     0.86398]]
[[      0.749     0.75521]
 [          0           0]
 [    0.74722     0.74858]
 [          0           0]
 [     0.7372     0.74538]
 [     0.7295     0.76542]
 [     0.7156     0.76372]
 [    0.71529     0.80648]
 [    0.69219     0.80766]
 [    0.71767     0.84576]
 [    0.69809     0.85287]
 [    0.69923       0.829]
 [    0.68593     0.82813]
 [    0.72471     0.90157]
 [    0.69067     0.89705]
 [    0.73786     0.96753]
 [    0.66993     0.96225]]
[[    0.55933      0.6612]
 [          0           0]
 [    0.55698     0.65622]
 [          0           0]
 [    0.54853     0.65533]
 [    0.52833     0.67052]
 [    0.54846     0.68724]
 [    0.51428     0.69472]
 [    0.54909     0.73362]
 [    0.52752     0.71314]
 [    0.56091     0.74255]
 [     0.5205     0.75077]
 [    0.53652     0.75743]
 [    0.51317     0.80286]
 [    0.54638     0.80827]
 [    0.50394      0.8608]
 [    0.54384     0.86304]]
[[    0.75754     0.77784]
 [          0           0]
 [    0.75485     0.77059]
 [          0           0]
 [    0.74559     0.76705]
 [    0.74742     0.79583]
 [      0.725     0.79031]
 [    0.73689     0.83992]
 [    0.69686     0.83643]
 [    0.73985     0.86489]
 [    0.71054     0.86503]
 [    0.72144     0.85771]
 [    0.70297     0.85568]
 [    0.74654     0.91599]
 [    0.70817     0.91185]
 [    0.75514     0.97755]
 [    0.68167     0.97226]]
[[    0.55885     0.65828]
 [          0           0]
 [      0.557     0.65321]
 [          0           0]
 [     0.5479     0.65223]
 [    0.53536     0.66979]
 [    0.54172     0.68261]
 [    0.51754     0.69864]
 [    0.54563     0.73169]
 [    0.52654     0.71127]
 [    0.56305     0.74117]
 [    0.52518     0.74743]
 [    0.52603     0.75238]
 [    0.53488     0.79996]
 [    0.51632     0.80297]
 [    0.52566     0.86082]
 [     0.5072     0.86011]]
[[    0.76346     0.79072]
 [          0           0]
 [    0.76081      0.7845]
 [          0           0]
 [    0.75082     0.78189]
 [    0.75642     0.80436]
 [    0.72825     0.80168]
 [    0.75488      0.8411]
 [    0.70293     0.84366]
 [    0.75384     0.86453]
 [    0.71996     0.87471]
 [    0.72679     0.86345]
 [    0.70499     0.86265]
 [    0.75343     0.91767]
 [    0.71409     0.91782]
 [    0.75695     0.98025]
 [    0.68784     0.98314]]
[[    0.76789      0.8087]
 [    0.76934     0.80229]
 [    0.76483     0.80257]
 [          0           0]
 [    0.75517     0.79914]
 [    0.76616     0.81295]
 [    0.73439     0.81898]
 [    0.77504     0.84604]
 [    0.71452      0.8656]
 [    0.77992     0.87151]
 [    0.73178     0.89359]
 [    0.73216     0.86509]
 [    0.70949     0.86889]
 [     0.7573     0.92103]
 [    0.72289     0.93281]
 [    0.75795     0.99178]
 [    0.71198           1]]
[[    0.55522     0.65318]
 [          0           0]
 [    0.55297      0.6488]
 [          0           0]
 [    0.54403     0.65074]
 [    0.51948     0.66377]
 [    0.54347     0.68546]
 [    0.50448     0.68531]
 [    0.54773     0.73524]
 [    0.50603     0.70993]
 [    0.56095        0.75]
 [    0.50822     0.74674]
 [    0.52698     0.75525]
 [    0.49788     0.79541]
 [     0.5397     0.80414]
 [    0.48332     0.85659]
 [    0.54087     0.86203]]
[[    0.77151     0.83138]
 [          0           0]
 [    0.76894      0.8255]
 [          0           0]
 [    0.75969     0.82049]
 [    0.76483     0.83153]
 [    0.73936     0.83845]
 [    0.75565     0.87813]
 [    0.72988      0.8952]
 [     0.7568     0.90707]
 [    0.74903     0.92249]
 [    0.72759     0.87136]
 [    0.70799     0.87579]
 [    0.75677      0.9314]
 [    0.73435     0.94206]
 [    0.75706           1]
 [     0.7276           1]]
[[    0.55234     0.65322]
 [          0           0]
 [    0.55061     0.64845]
 [          0           0]
 [    0.54264      0.6487]
 [    0.52005     0.66433]
 [    0.54192     0.68566]
 [    0.50583     0.68311]
 [    0.54657     0.73131]
 [    0.50391        0.72]
 [    0.55725     0.74958]
 [    0.51036       0.745]
 [    0.52772     0.75299]
 [    0.50012     0.79823]
 [    0.53824     0.80529]
 [      0.488     0.85873]
 [     0.5416     0.85966]]
[[    0.77519      0.8353]
 [          0           0]
 [    0.77308     0.83025]
 [          0           0]
 [    0.76314     0.82715]
 [    0.76138     0.83165]
 [    0.74339     0.84871]
 [    0.75888     0.85208]
 [    0.74083     0.90555]
 [    0.76821     0.86012]
 [    0.75854     0.93688]
 [    0.72091     0.87372]
 [    0.70675     0.88181]
 [    0.75392     0.93925]
 [    0.74025     0.95106]
 [    0.74847           1]
 [    0.73234           1]]
[[    0.54749     0.65194]
 [          0           0]
 [    0.54505     0.64685]
 [          0           0]
 [    0.53743     0.64694]
 [    0.51539     0.66276]
 [    0.53801     0.67813]
 [    0.49863     0.68847]
 [    0.54185     0.72305]
 [    0.49801     0.72344]
 [    0.55228     0.74698]
 [    0.50528     0.74202]
 [    0.52279     0.74857]
 [    0.49635     0.79781]
 [    0.53608     0.80399]
 [     0.4823     0.86041]
 [    0.54033     0.86223]]
[[    0.77194     0.83868]
 [          0           0]
 [    0.77103     0.83381]
 [          0           0]
 [    0.76618     0.82983]
 [    0.74671     0.82296]
 [    0.75332     0.85497]
 [    0.73296     0.83241]
 [    0.75576     0.91334]
 [    0.73683      0.8615]
 [    0.78045     0.95408]
 [    0.70397     0.87785]
 [    0.70533     0.89188]
 [    0.74495     0.94569]
 [    0.74537     0.96212]
 [          0           0]
 [    0.73596           1]]
[[    0.54521     0.64845]
 [          0           0]
 [    0.54271     0.64348]
 [          0           0]
 [     0.5346     0.64487]
 [    0.51127     0.66243]
 [    0.53587     0.67648]
 [    0.49514     0.68939]
 [    0.54014     0.72052]
 [    0.49533     0.72711]
 [    0.54984     0.74603]
 [    0.50194     0.74316]
 [    0.52097     0.74894]
 [    0.49248     0.79956]
 [    0.53483     0.80389]
 [    0.48133     0.86332]
 [    0.54092     0.86303]]
[[          0           0]
 [          0           0]
 [          0           0]
 [          0           0]
 [    0.76576     0.82185]
 [     0.7367      0.8062]
 [    0.75587     0.84479]
 [    0.70888     0.80851]
 [    0.75196     0.89628]
 [    0.71209      0.8282]
 [    0.76052      0.9278]
 [    0.69642     0.88554]
 [    0.70667     0.90325]
 [    0.73633     0.94291]
 [    0.74568     0.97045]
 [          0           0]
 [          0           0]]
[[    0.54261     0.64773]
 [          0           0]
 [    0.54027     0.64288]
 [          0           0]
 [    0.53305     0.64493]
 [    0.50899     0.66279]
 [    0.53452     0.67735]
 [    0.49323     0.69075]
 [    0.53952     0.72234]
 [    0.49373     0.72958]
 [    0.54766     0.74757]
 [    0.50085     0.74203]
 [    0.52063     0.74791]
 [    0.49073     0.79833]
 [    0.53378     0.80239]
 [    0.47956     0.86363]
 [    0.54166     0.86238]]
[[          0           0]
 [          0           0]
 [          0           0]
 [    0.75098     0.79467]
 [    0.76664     0.81191]
 [    0.73379     0.80202]
 [    0.75638     0.84537]
 [    0.69849     0.79826]
 [    0.74094     0.89871]
 [    0.69977      0.8153]
 [          0           0]
 [    0.69388     0.88816]
 [    0.70704     0.90785]
 [    0.73155     0.94373]
 [    0.74553     0.97505]
 [    0.71852     0.99397]
 [          0           0]]
[[          0           0]
 [          0           0]
 [          0           0]
 [          0           0]
 [    0.52901     0.64881]
 [    0.50266      0.6704]
 [    0.53198     0.68236]
 [    0.48675     0.70808]
 [    0.53861     0.72846]
 [    0.48595     0.74127]
 [    0.54047     0.74787]
 [    0.49728     0.75178]
 [    0.52013     0.75691]
 [    0.48487     0.79972]
 [    0.53339     0.80568]
 [    0.46975     0.86053]
 [    0.54331     0.86382]]
[[          0           0]
 [          0           0]
 [          0           0]
 [    0.73545     0.77984]
 [    0.75145     0.79399]
 [    0.71875     0.79621]
 [    0.74569     0.83345]
 [    0.67994     0.80249]
 [    0.73135     0.88518]
 [    0.66142     0.82889]
 [    0.71795     0.91386]
 [    0.68539     0.88906]
 [    0.70213     0.90717]
 [    0.71932     0.93361]
 [     0.7404     0.96714]
 [    0.70187     0.97679]
 [    0.73377           1]]
[[          0           0]
 [          0           0]
 [          0           0]
 [    0.50682     0.65763]
 [    0.52159     0.66077]
 [    0.49586     0.68582]
 [     0.5269     0.69596]
 [    0.48088     0.71969]
 [    0.53492     0.74043]
 [    0.47427     0.75386]
 [    0.53129     0.75801]
 [    0.49258     0.76389]
 [    0.51747     0.76781]
 [    0.47508     0.80185]
 [    0.53332     0.80703]
 [    0.46039     0.86181]
 [    0.54073     0.86196]]
[[          0           0]
 [          0           0]
 [          0           0]
 [    0.71763     0.76557]
 [    0.73479     0.77749]
 [    0.70129      0.7892]
 [    0.73231      0.8219]
 [    0.66606     0.80723]
 [    0.72611     0.87457]
 [    0.63804     0.83299]
 [          0           0]
 [    0.67391     0.88746]
 [    0.69579     0.90413]
 [    0.69015     0.92332]
 [    0.73095     0.95653]
 [    0.67364     0.97483]
 [    0.73149           1]]
[[          0           0]
 [          0           0]
 [          0           0]
 [    0.50287     0.66517]
 [    0.51783     0.66615]
 [    0.49382     0.69544]
 [    0.52376     0.70018]
 [    0.48122     0.73233]
 [    0.53069     0.74323]
 [    0.47375     0.76124]
 [    0.52968     0.75669]
 [    0.49252     0.77251]
 [    0.51755      0.7732]
 [    0.47295     0.80612]
 [    0.53218     0.80548]
 [    0.45942     0.86424]
 [    0.54266     0.85854]]
[[          0           0]
 [          0           0]
 [          0           0]
 [    0.70628     0.75978]
 [    0.72384     0.77001]
 [    0.69243     0.78532]
 [    0.72394     0.81346]
 [    0.65984     0.80865]
 [    0.72361     0.85909]
 [    0.63358     0.83121]
 [    0.71043     0.86728]
 [    0.67124     0.88101]
 [    0.69486     0.89576]
 [    0.67634      0.9288]
 [    0.72652     0.96032]
 [    0.65166     0.97514]
 [    0.73252           1]]
[[          0           0]
 [          0           0]
 [          0           0]
 [    0.50336     0.67632]
 [    0.51837     0.67778]
 [     0.4939     0.70628]
 [    0.52324     0.71151]
 [    0.48442     0.74321]
 [    0.53446     0.75485]
 [    0.48958      0.7618]
 [    0.54003     0.76514]
 [    0.49355     0.78113]
 [    0.51906     0.78326]
 [    0.47162     0.80406]
 [    0.53991      0.8068]
 [    0.45921     0.86247]
 [    0.54876     0.86214]]
[[          0           0]
 [          0           0]
 [          0           0]
 [     0.6831     0.74976]
 [    0.70109     0.75801]
 [     0.6734     0.77643]
 [     0.7065     0.80521]
 [    0.64495       0.801]
 [    0.70743     0.85663]
 [    0.61982     0.83126]
 [    0.69544     0.86727]
 [    0.66198      0.8746]
 [    0.68782     0.88874]
 [    0.65679     0.92771]
 [     0.7117      0.9559]
 [    0.63247     0.97609]
 [    0.72187           1]]
[[          0           0]
 [          0           0]
 [          0           0]
 [    0.51321     0.67291]
 [    0.52965     0.67455]
 [    0.50663     0.70338]
 [    0.53536     0.70805]
 [    0.50034      0.7365]
 [    0.54565     0.74918]
 [    0.50802     0.74847]
 [    0.55619     0.76417]
 [      0.504     0.78029]
 [    0.52874     0.78175]
 [    0.48187     0.81205]
 [    0.54809     0.81391]
 [    0.46128     0.86295]
 [    0.55967     0.86275]]
[[          0           0]
 [          0           0]
 [          0           0]
 [    0.65731     0.73787]
 [    0.67517     0.73984]
 [    0.64809     0.76939]
 [    0.68445     0.78006]
 [    0.62387     0.80437]
 [    0.69383     0.83596]
 [    0.60151     0.83198]
 [    0.69305     0.88157]
 [    0.64721      0.8654]
 [    0.67486     0.86992]
 [    0.63305     0.92642]
 [    0.69066     0.93748]
 [    0.62458     0.98589]
 [    0.70701           1]]
[[          0           0]
 [          0           0]
 [          0           0]
 [    0.52035     0.66992]
 [    0.53625     0.67025]
 [    0.51392     0.70055]
 [    0.54158     0.70287]
 [     0.5113     0.73501]
 [    0.55447     0.74192]
 [          0           0]
 [    0.56397     0.76287]
 [    0.50993     0.77606]
 [    0.53377     0.77634]
 [    0.48654     0.81345]
 [    0.55044     0.81356]
 [    0.46455      0.8639]
 [    0.56018     0.86211]]
[[          0           0]
 [          0           0]
 [          0           0]
 [    0.64453     0.73318]
 [    0.66214     0.73521]
 [    0.63602     0.76636]
 [    0.67246     0.77709]
 [    0.61567     0.80568]
 [    0.68154     0.83371]
 [    0.59613     0.82559]
 [    0.68504     0.87316]
 [    0.63941     0.86917]
 [    0.66739     0.87432]
 [    0.62708     0.93662]
 [    0.68427     0.94725]
 [     0.6202     0.99011]
 [          0           0]]
[[          0           0]
 [          0           0]
 [          0           0]
 [    0.53493     0.65979]
 [    0.54968     0.66085]
 [    0.52776     0.68787]
 [    0.55334     0.69242]
 [    0.52978      0.7192]
 [    0.56429     0.73362]
 [          0           0]
 [    0.58546     0.74976]
 [    0.52487     0.76915]
 [    0.54634     0.77014]
 [    0.50721     0.80988]
 [    0.56129     0.81121]
 [    0.49144     0.86248]
 [    0.55669      0.8639]]
[[          0           0]
 [          0           0]
 [          0           0]
 [    0.56628     0.67534]
 [      0.584      0.6771]
 [    0.55569     0.70905]
 [    0.59212     0.71544]
 [    0.54477       0.746]
 [    0.60265     0.76627]
 [     0.5535     0.75096]
 [    0.60458     0.78883]
 [    0.55873     0.80567]
 [    0.58267     0.80874]
 [    0.55973     0.87909]
 [    0.58229     0.88347]
 [          0           0]
 [          0           0]]
[[          0           0]
 [          0           0]
 [          0           0]
 [     0.5562      0.6718]
 [    0.57282      0.6728]
 [    0.54654     0.70525]
 [    0.57879     0.71012]
 [     0.5329     0.75201]
 [    0.58691     0.77446]
 [    0.53998     0.75813]
 [    0.59461     0.81769]
 [    0.54573      0.8093]
 [    0.56727     0.81051]
 [    0.53285     0.87498]
 [    0.55657     0.87401]
 [          0           0]
 [          0           0]]
[[          0           0]
 [          0           0]
 [          0           0]
 [    0.55251     0.66032]
 [    0.56894     0.66453]
 [    0.54136     0.69637]
 [    0.57683     0.70419]
 [    0.53106     0.74647]
 [    0.58475     0.75875]
 [    0.54161     0.75967]
 [     0.5878     0.78896]
 [    0.54066     0.79657]
 [    0.56478     0.80171]
 [    0.52831      0.8659]
 [    0.55676     0.88326]
 [    0.53295     0.91505]
 [    0.55668     0.94421]]
[[    0.63272     0.67793]
 [          0           0]
 [    0.63082     0.67436]
 [          0           0]
 [    0.62456     0.67635]
 [    0.60766     0.68367]
 [    0.62262      0.7112]
 [    0.58411     0.67484]
 [    0.63165     0.75242]
 [    0.57121     0.66117]
 [    0.65265     0.74784]
 [    0.60369     0.77091]
 [    0.61758     0.78245]
 [    0.59513     0.82067]
 [    0.64267     0.82854]
 [    0.56895     0.87563]
 [    0.67133     0.87424]]
[[          0           0]
 [          0           0]
 [          0           0]
 [    0.54943      0.6503]
 [    0.56508     0.65307]
 [    0.53912     0.68455]
 [    0.57335     0.69063]
 [    0.52708     0.73659]
 [    0.57981     0.75047]
 [    0.52651     0.75009]
 [    0.57843     0.78438]
 [    0.54007     0.78395]
 [    0.56367     0.78676]
 [    0.52614     0.85719]
 [    0.55698      0.8616]
 [    0.52729     0.90594]
 [    0.55992      0.9141]]
[[          0           0]
 [          0           0]
 [          0           0]
 [    0.54941      0.6505]
 [    0.56504     0.65315]
 [    0.53914     0.68467]
 [    0.57334     0.69051]
 [    0.52703     0.73676]
 [    0.57981     0.75054]
 [    0.52696     0.75043]
 [    0.57843     0.78529]
 [    0.54013     0.78397]
 [    0.56377     0.78663]
 [    0.52603     0.85753]
 [    0.55724     0.86149]
 [     0.5271     0.90591]
 [    0.56049     0.91341]]
[[          0           0]
 [          0           0]
 [          0           0]
 [    0.54624     0.64241]
 [    0.56232     0.64535]
 [    0.53611     0.67429]
 [    0.56936     0.68169]
 [     0.5233     0.72365]
 [     0.5747     0.73769]
 [    0.52024     0.75099]
 [    0.57521     0.77066]
 [    0.53549     0.77211]
 [    0.55767     0.77491]
 [    0.52484     0.84047]
 [    0.54744      0.8454]
 [    0.52325     0.90174]
 [    0.54128     0.90906]]
[[          0           0]
 [          0           0]
 [          0           0]
 [    0.54197      0.6349]
 [    0.55922     0.63914]
 [    0.53173     0.66754]
 [    0.56645     0.67681]
 [    0.51914     0.71349]
 [    0.57134       0.732]
 [    0.51362     0.74076]
 [    0.57149     0.76808]
 [    0.53263     0.76048]
 [     0.5567     0.76419]
 [    0.52002     0.82289]
 [    0.55131     0.83394]
 [    0.51057     0.87961]
 [      0.543     0.89689]]
[[          0           0]
 [          0           0]
 [          0           0]
 [    0.53875     0.63159]
 [    0.55523     0.63558]
 [    0.52839     0.66402]
 [    0.56249     0.67319]
 [    0.51503     0.70561]
 [    0.56805     0.72854]
 [    0.50695     0.73303]
 [    0.56868     0.76716]
 [    0.52898     0.75623]
 [    0.55327     0.75874]
 [    0.51353     0.81854]
 [    0.55013     0.82439]
 [    0.50031      0.8771]
 [    0.54263     0.88574]]
